  6.530041
  6.530041
  6.530041
  6.530041
  6.530041
  6.530041
  6.530041
  6.530041
  6.530041
  6.530041
  6.540039
  6.540039
  6.540039
  6.540039
  6.540039
  6.540039
  6.540039
  6.540039
  6.540039
  6.540039
  6.550048
  6.550048
  6.550048
  6.550048
  6.550048
  6.550048
  6.550048
  6.550048
  6.550048
  6.550048
  6.560051
  6.560051
  6.560051
  6.560051
  6.560051
  6.560051
  6.560051
  6.560051
  6.560051
  6.560051
  6.570056
  6.570056
  6.570056
  6.570056
  6.570056
  6.570056
  6.570056
  6.570056
  6.570056
  6.570056
  6.580052
  6.580052
  6.580052
  6.580052
  6.580052
  6.580052
  6.580052
  6.580052
  6.580052
  6.580052
  6.590058
  6.590058
  6.590058
  6.590058
  6.590058
  6.590058
  6.590058
  6.590058
  6.590058
  6.590058
  6.600064
  6.600064
  6.600064
  6.600064
  6.600064
  6.600064
  6.600064
  6.600064
  6.600064
  6.600064
  6.610053
  6.610053
  6.610053
  6.610053
  6.610053
  6.610053
  6.610053
  6.610053
  6.610053
  6.610053
  6.620053
  6.620053
  6.620053
  6.620053
  6.620053
  6.620053
  6.620053
  6.620053
  6.620053
  6.620053
   6.63005
   6.63005
   6.63005
   6.63005
   6.63005
   6.63005
   6.63005
   6.63005
   6.63005
   6.63005
  6.640052
  6.640052
  6.640052
  6.640052
  6.640052
  6.640052
  6.640052
  6.640052
  6.640052
  6.640052
  6.650046
  6.650046
  6.650046
  6.650046
  6.650046
  6.650046
  6.650046
  6.650046
  6.650046
  6.650046
  6.660052
  6.660052
  6.660052
  6.660052
  6.660052
  6.660052
  6.660052
  6.660052
  6.660052
  6.660052
  6.670057
  6.670057
  6.670057
  6.670057
  6.670057
  6.670057
  6.670057
  6.670057
  6.670057
  6.670057
  6.680062
  6.680062
  6.680062
  6.680062
  6.680062
  6.680062
  6.680062
  6.680062
  6.680062
  6.680062
  6.690059
  6.690059
  6.690059
  6.690059
  6.690059
  6.690059
  6.690059
  6.690059
  6.690059
  6.690059
  6.700055
  6.700055
  6.700055
  6.700055
  6.700055
  6.700055
  6.700055
  6.700055
  6.700055
  6.700055
  6.710046
  6.710046
  6.710046
  6.710046
  6.710046
  6.710046
  6.710046
  6.710046
  6.710046
  6.710046
  6.720051
  6.720051
  6.720051
  6.720051
  6.720051
  6.720051
  6.720051
  6.720051
  6.720051
  6.720051
  6.730063
  6.730063
  6.730063
  6.730063
  6.730063
  6.730063
  6.730063
  6.730063
  6.730063
  6.730063
   6.74005
   6.74005
   6.74005
   6.74005
   6.74005
   6.74005
   6.74005
   6.74005
   6.74005
   6.74005
  6.750049
  6.750049
  6.750049
  6.750049
  6.750049
  6.750049
  6.750049
  6.750049
  6.750049
  6.750049
   6.76006
   6.76006
   6.76006
   6.76006
   6.76006
   6.76006
   6.76006
   6.76006
   6.76006
   6.76006
  6.770069
  6.770069
  6.770069
  6.770069
  6.770069
  6.770069
  6.770069
  6.770069
  6.770069
  6.770069
  6.780054
  6.780054
  6.780054
  6.780054
  6.780054
  6.780054
  6.780054
  6.780054
  6.780054
  6.780054
  6.790057
  6.790057
  6.790057
  6.790057
  6.790057
  6.790057
  6.790057
  6.790057
  6.790057
  6.790057
  6.800041
  6.800041
  6.800041
  6.800041
  6.800041
  6.800041
  6.800041
  6.800041
  6.800041
  6.800041
  6.810051
  6.810051
  6.810051
  6.810051
  6.810051
  6.810051
  6.810051
  6.810051
  6.810051
  6.810051
  6.820053
  6.820053
  6.820053
  6.820053
  6.820053
  6.820053
  6.820053
  6.820053
  6.820053
  6.820053
  6.830048
  6.830048
  6.830048
  6.830048
  6.830048
  6.830048
  6.830048
  6.830048
  6.830048
  6.830048
  6.840063
  6.840063
  6.840063
  6.840063
  6.840063
  6.840063
  6.840063
  6.840063
  6.840063
  6.840063
  6.850049
  6.850049
  6.850049
  6.850049
  6.850049
  6.850049
  6.850049
  6.850049
  6.850049
  6.850049
  6.860066
  6.860066
  6.860066
  6.860066
  6.860066
  6.860066
  6.860066
  6.860066
  6.860066
  6.860066
  6.870054
  6.870054
  6.870054
  6.870054
  6.870054
  6.870054
  6.870054
  6.870054
  6.870054
  6.870054
  6.880046
  6.880046
  6.880046
  6.880046
  6.880046
  6.880046
  6.880046
  6.880046
  6.880046
  6.880046
  6.890051
  6.890051
  6.890051
  6.890051
  6.890051
  6.890051
  6.890051
  6.890051
  6.890051
  6.890051
  6.900059
  6.900059
  6.900059
  6.900059
  6.900059
  6.900059
  6.900059
  6.900059
  6.900059
  6.900059
  6.910049
  6.910049
  6.910049
  6.910049
  6.910049
  6.910049
  6.910049
  6.910049
  6.910049
  6.910049
  6.920063
  6.920063
  6.920063
  6.920063
  6.920063
  6.920063
  6.920063
  6.920063
  6.920063
  6.920063
  6.930064
  6.930064
  6.930064
  6.930064
  6.930064
  6.930064
  6.930064
  6.930064
  6.930064
  6.930064
  6.940053
  6.940053
  6.940053
  6.940053
  6.940053
  6.940053
  6.940053
  6.940053
  6.940053
  6.940053
  6.950061
  6.950061
  6.950061
  6.950061
  6.950061
  6.950061
  6.950061
  6.950061
  6.950061
  6.950061
  6.960054
  6.960054
  6.960054
  6.960054
  6.960054
  6.960054
  6.960054
  6.960054
  6.960054
  6.960054
  6.970046
  6.970046
  6.970046
  6.970046
  6.970046
  6.970046
  6.970046
  6.970046
  6.970046
  6.970046
  6.980055
  6.980055
  6.980055
  6.980055
  6.980055
  6.980055
  6.980055
  6.980055
  6.980055
  6.980055
  6.990058
  6.990058
  6.990058
  6.990058
  6.990058
  6.990058
  6.990058
  6.990058
  6.990058
  6.990058
  7.000053
  7.000053
  7.000053
  7.000053
  7.000053
  7.000053
  7.000053
  7.000053
  7.000053
  7.000053
  7.010073
  7.010073
  7.010073
  7.010073
  7.010073
  7.010073
  7.010073
  7.010073
  7.010073
  7.010073
  7.020049
  7.020049
  7.020049
  7.020049
  7.020049
  7.020049
  7.020049
  7.020049
  7.020049
  7.020049
  7.030064
  7.030064
  7.030064
  7.030064
  7.030064
  7.030064
  7.030064
  7.030064
  7.030064
  7.030064
   7.04007
   7.04007
   7.04007
   7.04007
   7.04007
   7.04007
   7.04007
   7.04007
   7.04007
   7.04007
  7.050059
  7.050059
  7.050059
  7.050059
  7.050059
  7.050059
  7.050059
  7.050059
  7.050059
  7.050059
  7.060071
  7.060071
  7.060071
  7.060071
  7.060071
  7.060071
  7.060071
  7.060071
  7.060071
  7.060071
  7.070055
  7.070055
  7.070055
  7.070055
  7.070055
  7.070055
  7.070055
  7.070055
  7.070055
  7.070055
  7.080053
  7.080053
  7.080053
  7.080053
  7.080053
  7.080053
  7.080053
  7.080053
  7.080053
  7.080053
  7.090027
  7.090027
  7.090027
  7.090027
  7.090027
  7.090027
  7.090027
  7.090027
  7.090027
  7.090027
  7.100024
  7.100024
  7.100024
  7.100024
  7.100024
  7.100024
  7.100024
  7.100024
  7.100024
  7.100024
  7.110032
  7.110032
  7.110032
  7.110032
  7.110032
  7.110032
  7.110032
  7.110032
  7.110032
  7.110032
  7.120033
  7.120033
  7.120033
  7.120033
  7.120033
  7.120033
  7.120033
  7.120033
  7.120033
  7.120033
  7.130026
  7.130026
  7.130026
  7.130026
  7.130026
  7.130026
  7.130026
  7.130026
  7.130026
  7.130026
  7.140035
  7.140035
  7.140035
  7.140035
  7.140035
  7.140035
  7.140035
  7.140035
  7.140035
  7.140035
  7.150039
  7.150039
  7.150039
  7.150039
  7.150039
  7.150039
  7.150039
  7.150039
  7.150039
  7.150039
  7.160043
  7.160043
  7.160043
  7.160043
  7.160043
  7.160043
  7.160043
  7.160043
  7.160043
  7.160043
  7.170029
  7.170029
  7.170029
  7.170029
  7.170029
  7.170029
  7.170029
  7.170029
  7.170029
  7.170029
  7.180025
  7.180025
  7.180025
  7.180025
  7.180025
  7.180025
  7.180025
  7.180025
  7.180025
  7.180025
  7.190033
  7.190033
  7.190033
  7.190033
  7.190033
  7.190033
  7.190033
  7.190033
  7.190033
  7.190033
  7.200034
  7.200034
  7.200034
  7.200034
  7.200034
  7.200034
  7.200034
  7.200034
  7.200034
  7.200034
  7.210035
  7.210035
  7.210035
  7.210035
  7.210035
  7.210035
  7.210035
  7.210035
  7.210035
  7.210035
   7.22003
   7.22003
   7.22003
   7.22003
   7.22003
   7.22003
   7.22003
   7.22003
   7.22003
   7.22003
  7.230034
  7.230034
  7.230034
  7.230034
  7.230034
  7.230034
  7.230034
  7.230034
  7.230034
  7.230034
  7.240034
  7.240034
  7.240034
  7.240034
  7.240034
  7.240034
  7.240034
  7.240034
  7.240034
  7.240034
  7.250047
  7.250047
  7.250047
  7.250047
  7.250047
  7.250047
  7.250047
  7.250047
  7.250047
  7.250047
   7.26003
   7.26003
   7.26003
   7.26003
   7.26003
   7.26003
   7.26003
   7.26003
   7.26003
   7.26003
  7.270037
  7.270037
  7.270037
  7.270037
  7.270037
  7.270037
  7.270037
  7.270037
  7.270037
  7.270037
   7.28003
   7.28003
   7.28003
   7.28003
   7.28003
   7.28003
   7.28003
   7.28003
   7.28003
   7.28003
  7.290031
  7.290031
  7.290031
  7.290031
  7.290031
  7.290031
  7.290031
  7.290031
  7.290031
  7.290031
  7.300034
  7.300034
  7.300034
  7.300034
  7.300034
  7.300034
  7.300034
  7.300034
  7.300034
  7.300034
  7.309999
  7.309999
  7.309999
  7.309999
  7.309999
  7.309999
  7.309999
  7.309999
  7.309999
  7.309999
  7.319999
  7.319999
  7.319999
  7.319999
  7.319999
  7.319999
  7.319999
  7.319999
  7.319999
  7.319999
  7.330066
  7.330066
  7.330066
  7.330066
  7.330066
  7.330066
  7.330066
  7.330066
  7.330066
  7.330066
   7.34001
   7.34001
   7.34001
   7.34001
   7.34001
   7.34001
   7.34001
   7.34001
   7.34001
   7.34001
      7.35
      7.35
      7.35
      7.35
      7.35
      7.35
      7.35
      7.35
      7.35
      7.35
  7.360003
  7.360003
  7.360003
  7.360003
  7.360003
  7.360003
  7.360003
  7.360003
  7.360003
  7.360003
  7.369998
  7.369998
  7.369998
  7.369998
  7.369998
  7.369998
  7.369998
  7.369998
  7.369998
  7.369998
  7.380001
  7.380001
  7.380001
  7.380001
  7.380001
  7.380001
  7.380001
  7.380001
  7.380001
  7.380001
  7.389999
  7.389999
  7.389999
  7.389999
  7.389999
  7.389999
  7.389999
  7.389999
  7.389999
  7.389999
  7.399998
  7.399998
  7.399998
  7.399998
  7.399998
  7.399998
  7.399998
  7.399998
  7.399998
  7.399998
  7.410001
  7.410001
  7.410001
  7.410001
  7.410001
  7.410001
  7.410001
  7.410001
  7.410001
  7.410001
   7.42003
   7.42003
   7.42003
   7.42003
   7.42003
   7.42003
   7.42003
   7.42003
   7.42003
   7.42003
  7.430001
  7.430001
  7.430001
  7.430001
  7.430001
  7.430001
  7.430001
  7.430001
  7.430001
  7.430001
  7.440009
  7.440009
  7.440009
  7.440009
  7.440009
  7.440009
  7.440009
  7.440009
  7.440009
  7.440009
  7.449996
  7.449996
  7.449996
  7.449996
  7.449996
  7.449996
  7.449996
  7.449996
  7.449996
  7.449996
  7.460003
  7.460003
  7.460003
  7.460003
  7.460003
  7.460003
  7.460003
  7.460003
  7.460003
  7.460003
  7.469997
  7.469997
  7.469997
  7.469997
  7.469997
  7.469997
  7.469997
  7.469997
  7.469997
  7.469997
  7.480003
  7.480003
  7.480003
  7.480003
  7.480003
  7.480003
  7.480003
  7.480003
  7.480003
  7.480003
  7.490032
  7.490032
  7.490032
  7.490032
  7.490032
  7.490032
  7.490032
  7.490032
  7.490032
  7.490032
  7.500005
  7.500005
  7.500005
  7.500005
  7.500005
  7.500005
  7.500005
  7.500005
  7.500005
  7.500005
  7.509999
  7.509999
  7.509999
  7.509999
  7.509999
  7.509999
  7.509999
  7.509999
  7.509999
  7.509999
      7.52
      7.52
      7.52
      7.52
      7.52
      7.52
      7.52
      7.52
      7.52
      7.52
      7.53
      7.53
      7.53
      7.53
      7.53
      7.53
      7.53
      7.53
      7.53
      7.53
  7.540001
  7.540001
  7.540001
  7.540001
  7.540001
  7.540001
  7.540001
  7.540001
  7.540001
  7.540001
  7.550002
  7.550002
  7.550002
  7.550002
  7.550002
  7.550002
  7.550002
  7.550002
  7.550002
  7.550002
      7.56
      7.56
      7.56
      7.56
      7.56
      7.56
      7.56
      7.56
      7.56
      7.56
  7.570004
  7.570004
  7.570004
  7.570004
  7.570004
  7.570004
  7.570004
  7.570004
  7.570004
  7.570004
  7.579999
  7.579999
  7.579999
  7.579999
  7.579999
  7.579999
  7.579999
  7.579999
  7.579999
  7.579999
  7.589998
  7.589998
  7.589998
  7.589998
  7.589998
  7.589998
  7.589998
  7.589998
  7.589998
  7.589998
  7.599998
  7.599998
  7.599998
  7.599998
  7.599998
  7.599998
  7.599998
  7.599998
  7.599998
  7.599998
      7.61
      7.61
      7.61
      7.61
      7.61
      7.61
      7.61
      7.61
      7.61
      7.61
  7.620004
  7.620004
  7.620004
  7.620004
  7.620004
  7.620004
  7.620004
  7.620004
  7.620004
  7.620004
  7.630003
  7.630003
  7.630003
  7.630003
  7.630003
  7.630003
  7.630003
  7.630003
  7.630003
  7.630003
  7.640006
  7.640006
  7.640006
  7.640006
  7.640006
  7.640006
  7.640006
  7.640006
  7.640006
  7.640006
  7.650007
  7.650007
  7.650007
  7.650007
  7.650007
  7.650007
  7.650007
  7.650007
  7.650007
  7.650007
   7.66004
   7.66004
   7.66004
   7.66004
   7.66004
   7.66004
   7.66004
   7.66004
   7.66004
   7.66004
  7.670001
  7.670001
  7.670001
  7.670001
  7.670001
  7.670001
  7.670001
  7.670001
  7.670001
  7.670001
  7.679991
  7.679991
  7.679991
  7.679991
  7.679991
  7.679991
  7.679991
  7.679991
  7.679991
  7.679991
  7.690003
  7.690003
  7.690003
  7.690003
  7.690003
  7.690003
  7.690003
  7.690003
  7.690003
  7.690003
  7.699996
  7.699996
  7.699996
  7.699996
  7.699996
  7.699996
  7.699996
  7.699996
  7.699996
  7.699996
  7.709992
  7.709992
  7.709992
  7.709992
  7.709992
  7.709992
  7.709992
  7.709992
  7.709992
  7.709992
  7.720013
  7.720013
  7.720013
  7.720013
  7.720013
  7.720013
  7.720013
  7.720013
  7.720013
  7.720013
  7.730003
  7.730003
  7.730003
  7.730003
  7.730003
  7.730003
  7.730003
  7.730003
  7.730003
  7.730003
   7.74001
   7.74001
   7.74001
   7.74001
   7.74001
   7.74001
   7.74001
   7.74001
   7.74001
   7.74001
  7.750001
  7.750001
  7.750001
  7.750001
  7.750001
  7.750001
  7.750001
  7.750001
  7.750001
  7.750001
      7.76
      7.76
      7.76
      7.76
      7.76
      7.76
      7.76
      7.76
      7.76
      7.76
  7.769996
  7.769996
  7.769996
  7.769996
  7.769996
  7.769996
  7.769996
  7.769996
  7.769996
  7.769996
  7.780001
  7.780001
  7.780001
  7.780001
  7.780001
  7.780001
  7.780001
  7.780001
  7.780001
  7.780001
      7.79
      7.79
      7.79
      7.79
      7.79
      7.79
      7.79
      7.79
      7.79
      7.79
  7.799998
  7.799998
  7.799998
  7.799998
  7.799998
  7.799998
  7.799998
  7.799998
  7.799998
  7.799998
  7.809999
  7.809999
  7.809999
  7.809999
  7.809999
  7.809999
  7.809999
  7.809999
  7.809999
  7.809999
  7.820002
  7.820002
  7.820002
  7.820002
  7.820002
  7.820002
  7.820002
  7.820002
  7.820002
  7.820002
  7.830005
  7.830005
  7.830005
  7.830005
  7.830005
  7.830005
  7.830005
  7.830005
  7.830005
  7.830005
  7.840014
  7.840014
  7.840014
  7.840014
  7.840014
  7.840014
  7.840014
  7.840014
  7.840014
  7.840014
  7.850009
  7.850009
  7.850009
  7.850009
  7.850009
  7.850009
  7.850009
  7.850009
  7.850009
  7.850009
  7.860002
  7.860002
  7.860002
  7.860002
  7.860002
  7.860002
  7.860002
  7.860002
  7.860002
  7.860002
  7.869999
  7.869999
  7.869999
  7.869999
  7.869999
  7.869999
  7.869999
  7.869999
  7.869999
  7.869999
  7.879992
  7.879992
  7.879992
  7.879992
  7.879992
  7.879992
  7.879992
  7.879992
  7.879992
  7.879992
  7.890007
  7.890007
  7.890007
  7.890007
  7.890007
  7.890007
  7.890007
  7.890007
  7.890007
  7.890007
       7.9
       7.9
       7.9
       7.9
       7.9
       7.9
       7.9
       7.9
       7.9
       7.9
  7.909998
  7.909998
  7.909998
  7.909998
  7.909998
  7.909998
  7.909998
  7.909998
  7.909998
  7.909998
  7.920043
  7.920043
  7.920043
  7.920043
  7.920043
  7.920043
  7.920043
  7.920043
  7.920043
  7.920043
  7.929998
  7.929998
  7.929998
  7.929998
  7.929998
  7.929998
  7.929998
  7.929998
  7.929998
  7.929998
   7.94001
   7.94001
   7.94001
   7.94001
   7.94001
   7.94001
   7.94001
   7.94001
   7.94001
   7.94001
  7.950002
  7.950002
  7.950002
  7.950002
  7.950002
  7.950002
  7.950002
  7.950002
  7.950002
  7.950002
  7.960002
  7.960002
  7.960002
  7.960002
  7.960002
  7.960002
  7.960002
  7.960002
  7.960002
  7.960002
      7.97
      7.97
      7.97
      7.97
      7.97
      7.97
      7.97
      7.97
      7.97
      7.97
  7.979997
  7.979997
  7.979997
  7.979997
  7.979997
  7.979997
  7.979997
  7.979997
  7.979997
  7.979997
  7.989997
  7.989997
  7.989997
  7.989997
  7.989997
  7.989997
  7.989997
  7.989997
  7.989997
  7.989997
  8.000006
  8.000006
  8.000006
  8.000006
  8.000006
  8.000006
  8.000006
  8.000006
  8.000006
  8.000006
  8.010018
  8.010018
  8.010018
  8.010018
  8.010018
  8.010018
  8.010018
  8.010018
  8.010018
  8.010018
      8.02
      8.02
      8.02
      8.02
      8.02
      8.02
      8.02
      8.02
      8.02
      8.02
  8.030008
  8.030008
  8.030008
  8.030008
  8.030008
  8.030008
  8.030008
  8.030008
  8.030008
  8.030008
  8.040007
  8.040007
  8.040007
  8.040007
  8.040007
  8.040007
  8.040007
  8.040007
  8.040007
  8.040007
      8.05
      8.05
      8.05
      8.05
      8.05
      8.05
      8.05
      8.05
      8.05
      8.05
  8.059999
  8.059999
  8.059999
  8.059999
  8.059999
  8.059999
  8.059999
  8.059999
  8.059999
  8.059999
  8.069999
  8.069999
  8.069999
  8.069999
  8.069999
  8.069999
  8.069999
  8.069999
  8.069999
  8.069999
  8.079994
  8.079994
  8.079994
  8.079994
  8.079994
  8.079994
  8.079994
  8.079994
  8.079994
  8.079994
      8.09
      8.09
      8.09
      8.09
      8.09
      8.09
      8.09
      8.09
      8.09
      8.09
  8.100018
  8.100018
  8.100018
  8.100018
  8.100018
  8.100018
  8.100018
  8.100018
  8.100018
  8.100018
  8.110003
  8.110003
  8.110003
  8.110003
  8.110003
  8.110003
  8.110003
  8.110003
  8.110003
  8.110003
  8.120007
  8.120007
  8.120007
  8.120007
  8.120007
  8.120007
  8.120007
  8.120007
  8.120007
  8.120007
  8.129995
  8.129995
  8.129995
  8.129995
  8.129995
  8.129995
  8.129995
  8.129995
  8.129995
  8.129995
  8.139996
  8.139996
  8.139996
  8.139996
  8.139996
  8.139996
  8.139996
  8.139996
  8.139996
  8.139996
  8.150002
  8.150002
  8.150002
  8.150002
  8.150002
  8.150002
  8.150002
  8.150002
  8.150002
  8.150002
  8.160007
  8.160007
  8.160007
  8.160007
  8.160007
  8.160007
  8.160007
  8.160007
  8.160007
  8.160007
  8.170012
  8.170012
  8.170012
  8.170012
  8.170012
  8.170012
  8.170012
  8.170012
  8.170012
  8.170012
  8.179995
  8.179995
  8.179995
  8.179995
  8.179995
  8.179995
  8.179995
  8.179995
  8.179995
  8.179995
  8.190005
  8.190005
  8.190005
  8.190005
  8.190005
  8.190005
  8.190005
  8.190005
  8.190005
  8.190005
  8.200003
  8.200003
  8.200003
  8.200003
  8.200003
  8.200003
  8.200003
  8.200003
  8.200003
  8.200003
  8.210001
  8.210001
  8.210001
  8.210001
  8.210001
  8.210001
  8.210001
  8.210001
  8.210001
  8.210001
  8.220005
  8.220005
  8.220005
  8.220005
  8.220005
  8.220005
  8.220005
  8.220005
  8.220005
  8.220005
  8.230008
  8.230008
  8.230008
  8.230008
  8.230008
  8.230008
  8.230008
  8.230008
  8.230008
  8.230008
  8.240013
  8.240013
  8.240013
  8.240013
  8.240013
  8.240013
  8.240013
  8.240013
  8.240013
  8.240013
  8.249998
  8.249998
  8.249998
  8.249998
  8.249998
  8.249998
  8.249998
  8.249998
  8.249998
  8.249998
  8.260001
  8.260001
  8.260001
  8.260001
  8.260001
  8.260001
  8.260001
  8.260001
  8.260001
  8.260001
  8.269999
  8.269999
  8.269999
  8.269999
  8.269999
  8.269999
  8.269999
  8.269999
  8.269999
  8.269999
  8.279995
  8.279995
  8.279995
  8.279995
  8.279995
  8.279995
  8.279995
  8.279995
  8.279995
  8.279995
  8.290001
  8.290001
  8.290001
  8.290001
  8.290001
  8.290001
  8.290001
  8.290001
  8.290001
  8.290001
       8.3
       8.3
       8.3
       8.3
       8.3
       8.3
       8.3
       8.3
       8.3
       8.3
  8.309999
  8.309999
  8.309999
  8.309999
  8.309999
  8.309999
  8.309999
  8.309999
  8.309999
  8.309999
  8.320018
  8.320018
  8.320018
  8.320018
  8.320018
  8.320018
  8.320018
  8.320018
  8.320018
  8.320018
  8.330005
  8.330005
  8.330005
  8.330005
  8.330005
  8.330005
  8.330005
  8.330005
  8.330005
  8.330005
  8.340014
  8.340014
  8.340014
  8.340014
  8.340014
  8.340014
  8.340014
  8.340014
  8.340014
  8.340014
  8.350003
  8.350003
  8.350003
  8.350003
  8.350003
  8.350003
  8.350003
  8.350003
  8.350003
  8.350003
  8.359997
  8.359997
  8.359997
  8.359997
  8.359997
  8.359997
  8.359997
  8.359997
  8.359997
  8.359997
  8.370001
  8.370001
  8.370001
  8.370001
  8.370001
  8.370001
  8.370001
  8.370001
  8.370001
  8.370001
  8.379997
  8.379997
  8.379997
  8.379997
  8.379997
  8.379997
  8.379997
  8.379997
  8.379997
  8.379997
  8.390005
  8.390005
  8.390005
  8.390005
  8.390005
  8.390005
  8.390005
  8.390005
  8.390005
  8.390005
  8.399999
  8.399999
  8.399999
  8.399999
  8.399999
  8.399999
  8.399999
  8.399999
  8.399999
  8.399999
  8.410002
  8.410002
  8.410002
  8.410002
  8.410002
  8.410002
  8.410002
  8.410002
  8.410002
  8.410002
  8.420001
  8.420001
  8.420001
  8.420001
  8.420001
  8.420001
  8.420001
  8.420001
  8.420001
  8.420001
  8.430003
  8.430003
  8.430003
  8.430003
  8.430003
  8.430003
  8.430003
  8.430003
  8.430003
  8.430003
  8.440009
  8.440009
  8.440009
  8.440009
  8.440009
  8.440009
  8.440009
  8.440009
  8.440009
  8.440009
  8.449997
  8.449997
  8.449997
  8.449997
  8.449997
  8.449997
  8.449997
  8.449997
  8.449997
  8.449997
  8.459997
  8.459997
  8.459997
  8.459997
  8.459997
  8.459997
  8.459997
  8.459997
  8.459997
  8.459997
  8.469998
  8.469998
  8.469998
  8.469998
  8.469998
  8.469998
  8.469998
  8.469998
  8.469998
  8.469998
  8.479994
  8.479994
  8.479994
  8.479994
  8.479994
  8.479994
  8.479994
  8.479994
  8.479994
  8.479994
  8.490012
  8.490012
  8.490012
  8.490012
  8.490012
  8.490012
  8.490012
  8.490012
  8.490012
  8.490012
  8.500004
  8.500004
  8.500004
  8.500004
  8.500004
  8.500004
  8.500004
  8.500004
  8.500004
  8.500004
  8.510008
  8.510008
  8.510008
  8.510008
  8.510008
  8.510008
  8.510008
  8.510008
  8.510008
  8.510008
  8.519997
  8.519997
  8.519997
  8.519997
  8.519997
  8.519997
  8.519997
  8.519997
  8.519997
  8.519997
      8.53
      8.53
      8.53
      8.53
      8.53
      8.53
      8.53
      8.53
      8.53
      8.53
  8.539999
  8.539999
  8.539999
  8.539999
  8.539999
  8.539999
  8.539999
  8.539999
  8.539999
  8.539999
  8.549993
  8.549993
  8.549993
  8.549993
  8.549993
  8.549993
  8.549993
  8.549993
  8.549993
  8.549993
  8.559997
  8.559997
  8.559997
  8.559997
  8.559997
  8.559997
  8.559997
  8.559997
  8.559997
  8.559997
  8.570005
  8.570005
  8.570005
  8.570005
  8.570005
  8.570005
  8.570005
  8.570005
  8.570005
  8.570005
   8.58001
   8.58001
   8.58001
   8.58001
   8.58001
   8.58001
   8.58001
   8.58001
   8.58001
   8.58001
  8.590005
  8.590005
  8.590005
  8.590005
  8.590005
  8.590005
  8.590005
  8.590005
  8.590005
  8.590005
  8.600011
  8.600011
  8.600011
  8.600011
  8.600011
  8.600011
  8.600011
  8.600011
  8.600011
  8.600011
  8.609994
  8.609994
  8.609994
  8.609994
  8.609994
  8.609994
  8.609994
  8.609994
  8.609994
  8.609994
  8.619995
  8.619995
  8.619995
  8.619995
  8.619995
  8.619995
  8.619995
  8.619995
  8.619995
  8.619995
  8.629998
  8.629998
  8.629998
  8.629998
  8.629998
  8.629998
  8.629998
  8.629998
  8.629998
  8.629998
  8.639996
  8.639996
  8.639996
  8.639996
  8.639996
  8.639996
  8.639996
  8.639996
  8.639996
  8.639996
  8.649998
  8.649998
  8.649998
  8.649998
  8.649998
  8.649998
  8.649998
  8.649998
  8.649998
  8.649998
  8.659991
  8.659991
  8.659991
  8.659991
  8.659991
  8.659991
  8.659991
  8.659991
  8.659991
  8.659991
  8.670015
  8.670015
  8.670015
  8.670015
  8.670015
  8.670015
  8.670015
  8.670015
  8.670015
  8.670015
      8.68
      8.68
      8.68
      8.68
      8.68
      8.68
      8.68
      8.68
      8.68
      8.68
  8.690006
  8.690006
  8.690006
  8.690006
  8.690006
  8.690006
  8.690006
  8.690006
  8.690006
  8.690006
  8.700002
  8.700002
  8.700002
  8.700002
  8.700002
  8.700002
  8.700002
  8.700002
  8.700002
  8.700002
  8.709999
  8.709999
  8.709999
  8.709999
  8.709999
  8.709999
  8.709999
  8.709999
  8.709999
  8.709999
  8.719999
  8.719999
  8.719999
  8.719999
  8.719999
  8.719999
  8.719999
  8.719999
  8.719999
  8.719999
  8.730003
  8.730003
  8.730003
  8.730003
  8.730003
  8.730003
  8.730003
  8.730003
  8.730003
  8.730003
  8.740001
  8.740001
  8.740001
  8.740001
  8.740001
  8.740001
  8.740001
  8.740001
  8.740001
  8.740001
  8.750001
  8.750001
  8.750001
  8.750001
  8.750001
  8.750001
  8.750001
  8.750001
  8.750001
  8.750001
  8.760019
  8.760019
  8.760019
  8.760019
  8.760019
  8.760019
  8.760019
  8.760019
  8.760019
  8.760019
  8.769999
  8.769999
  8.769999
  8.769999
  8.769999
  8.769999
  8.769999
  8.769999
  8.769999
  8.769999
  8.780001
  8.780001
  8.780001
  8.780001
  8.780001
  8.780001
  8.780001
  8.780001
  8.780001
  8.780001
  8.790008
  8.790008
  8.790008
  8.790008
  8.790008
  8.790008
  8.790008
  8.790008
  8.790008
  8.790008
  8.800001
  8.800001
  8.800001
  8.800001
  8.800001
  8.800001
  8.800001
  8.800001
  8.800001
  8.800001
  8.810003
  8.810003
  8.810003
  8.810003
  8.810003
  8.810003
  8.810003
  8.810003
  8.810003
  8.810003
  8.820005
  8.820005
  8.820005
  8.820005
  8.820005
  8.820005
  8.820005
  8.820005
  8.820005
  8.820005
  8.829996
  8.829996
  8.829996
  8.829996
  8.829996
  8.829996
  8.829996
  8.829996
  8.829996
  8.829996
  8.839999
  8.839999
  8.839999
  8.839999
  8.839999
  8.839999
  8.839999
  8.839999
  8.839999
  8.839999
  8.850003
  8.850003
  8.850003
  8.850003
  8.850003
  8.850003
  8.850003
  8.850003
  8.850003
  8.850003
  8.860008
  8.860008
  8.860008
  8.860008
  8.860008
  8.860008
  8.860008
  8.860008
  8.860008
  8.860008
  8.870004
  8.870004
  8.870004
  8.870004
  8.870004
  8.870004
  8.870004
  8.870004
  8.870004
  8.870004
  8.879994
  8.879994
  8.879994
  8.879994
  8.879994
  8.879994
  8.879994
  8.879994
  8.879994
  8.879994
      8.89
      8.89
      8.89
      8.89
      8.89
      8.89
      8.89
      8.89
      8.89
      8.89
       8.9
       8.9
       8.9
       8.9
       8.9
       8.9
       8.9
       8.9
       8.9
       8.9
  8.910002
  8.910002
  8.910002
  8.910002
  8.910002
  8.910002
  8.910002
  8.910002
  8.910002
  8.910002
      8.92
      8.92
      8.92
      8.92
      8.92
      8.92
      8.92
      8.92
      8.92
      8.92
  8.929999
  8.929999
  8.929999
  8.929999
  8.929999
  8.929999
  8.929999
  8.929999
  8.929999
  8.929999
  8.940008
  8.940008
  8.940008
  8.940008
  8.940008
  8.940008
  8.940008
  8.940008
  8.940008
  8.940008
  8.950011
  8.950011
  8.950011
  8.950011
  8.950011
  8.950011
  8.950011
  8.950011
  8.950011
  8.950011
  8.960003
  8.960003
  8.960003
  8.960003
  8.960003
  8.960003
  8.960003
  8.960003
  8.960003
  8.960003
  8.970001
  8.970001
  8.970001
  8.970001
  8.970001
  8.970001
  8.970001
  8.970001
  8.970001
  8.970001
  8.980002
  8.980002
  8.980002
  8.980002
  8.980002
  8.980002
  8.980002
  8.980002
  8.980002
  8.980002
  8.989999
  8.989999
  8.989999
  8.989999
  8.989999
  8.989999
  8.989999
  8.989999
  8.989999
  8.989999
       9.0
       9.0
       9.0
       9.0
       9.0
       9.0
       9.0
       9.0
       9.0
       9.0
  9.009999
  9.009999
  9.009999
  9.009999
  9.009999
  9.009999
  9.009999
  9.009999
  9.009999
  9.009999
  9.020004
  9.020004
  9.020004
  9.020004
  9.020004
  9.020004
  9.020004
  9.020004
  9.020004
  9.020004
  9.029999
  9.029999
  9.029999
  9.029999
  9.029999
  9.029999
  9.029999
  9.029999
  9.029999
  9.029999
  9.040003
  9.040003
  9.040003
  9.040003
  9.040003
  9.040003
  9.040003
  9.040003
  9.040003
  9.040003
  9.050007
  9.050007
  9.050007
  9.050007
  9.050007
  9.050007
  9.050007
  9.050007
  9.050007
  9.050007
  9.060013
  9.060013
  9.060013
  9.060013
  9.060013
  9.060013
  9.060013
  9.060013
  9.060013
  9.060013
      9.07
      9.07
      9.07
      9.07
      9.07
      9.07
      9.07
      9.07
      9.07
      9.07
  9.080024
  9.080024
  9.080024
  9.080024
  9.080024
  9.080024
  9.080024
  9.080024
  9.080024
  9.080024
      9.09
      9.09
      9.09
      9.09
      9.09
      9.09
      9.09
      9.09
      9.09
      9.09
   9.10001
   9.10001
   9.10001
   9.10001
   9.10001
   9.10001
   9.10001
   9.10001
   9.10001
   9.10001
  9.110002
  9.110002
  9.110002
  9.110002
  9.110002
  9.110002
  9.110002
  9.110002
  9.110002
  9.110002
  9.119995
  9.119995
  9.119995
  9.119995
  9.119995
  9.119995
  9.119995
  9.119995
  9.119995
  9.119995
  9.130001
  9.130001
  9.130001
  9.130001
  9.130001
  9.130001
  9.130001
  9.130001
  9.130001
  9.130001
  9.139997
  9.139997
  9.139997
  9.139997
  9.139997
  9.139997
  9.139997
  9.139997
  9.139997
  9.139997
  9.150003
  9.150003
  9.150003
  9.150003
  9.150003
  9.150003
  9.150003
  9.150003
  9.150003
  9.150003
  9.160042
  9.160042
  9.160042
  9.160042
  9.160042
  9.160042
  9.160042
  9.160042
  9.160042
  9.160042
  9.169999
  9.169999
  9.169999
  9.169999
  9.169999
  9.169999
  9.169999
  9.169999
  9.169999
  9.169999
  9.180003
  9.180003
  9.180003
  9.180003
  9.180003
  9.180003
  9.180003
  9.180003
  9.180003
  9.180003
  9.190005
  9.190005
  9.190005
  9.190005
  9.190005
  9.190005
  9.190005
  9.190005
  9.190005
  9.190005
  9.199996
  9.199996
  9.199996
  9.199996
  9.199996
  9.199996
  9.199996
  9.199996
  9.199996
  9.199996
      9.21
      9.21
      9.21
      9.21
      9.21
      9.21
      9.21
      9.21
      9.21
      9.21
  9.219998
  9.219998
  9.219998
  9.219998
  9.219998
  9.219998
  9.219998
  9.219998
  9.219998
  9.219998
      9.23
      9.23
      9.23
      9.23
      9.23
      9.23
      9.23
      9.23
      9.23
      9.23
  9.240037
  9.240037
  9.240037
  9.240037
  9.240037
  9.240037
  9.240037
  9.240037
  9.240037
  9.240037
  9.249998
  9.249998
  9.249998
  9.249998
  9.249998
  9.249998
  9.249998
  9.249998
  9.249998
  9.249998
  9.260013
  9.260013
  9.260013
  9.260013
  9.260013
  9.260013
  9.260013
  9.260013
  9.260013
  9.260013
      9.27
      9.27
      9.27
      9.27
      9.27
      9.27
      9.27
      9.27
      9.27
      9.27
  9.280001
  9.280001
  9.280001
  9.280001
  9.280001
  9.280001
  9.280001
  9.280001
  9.280001
  9.280001
  9.289998
  9.289998
  9.289998
  9.289998
  9.289998
  9.289998
  9.289998
  9.289998
  9.289998
  9.289998
       9.3
       9.3
       9.3
       9.3
       9.3
       9.3
       9.3
       9.3
       9.3
       9.3
  9.310001
  9.310001
  9.310001
  9.310001
  9.310001
  9.310001
  9.310001
  9.310001
  9.310001
  9.310001
  9.319996
  9.319996
  9.319996
  9.319996
  9.319996
  9.319996
  9.319996
  9.319996
  9.319996
  9.319996
  9.330036
  9.330036
  9.330036
  9.330036
  9.330036
  9.330036
  9.330036
  9.330036
  9.330036
  9.330036
  9.340001
  9.340001
  9.340001
  9.340001
  9.340001
  9.340001
  9.340001
  9.340001
  9.340001
  9.340001
      9.35
      9.35
      9.35
      9.35
      9.35
      9.35
      9.35
      9.35
      9.35
      9.35
  9.360009
  9.360009
  9.360009
  9.360009
  9.360009
  9.360009
  9.360009
  9.360009
  9.360009
  9.360009
  9.370004
  9.370004
  9.370004
  9.370004
  9.370004
  9.370004
  9.370004
  9.370004
  9.370004
  9.370004
  9.380002
  9.380002
  9.380002
  9.380002
  9.380002
  9.380002
  9.380002
  9.380002
  9.380002
  9.380002
  9.390001
  9.390001
  9.390001
  9.390001
  9.390001
  9.390001
  9.390001
  9.390001
  9.390001
  9.390001
  9.400004
  9.400004
  9.400004
  9.400004
  9.400004
  9.400004
  9.400004
  9.400004
  9.400004
  9.400004
  9.410001
  9.410001
  9.410001
  9.410001
  9.410001
  9.410001
  9.410001
  9.410001
  9.410001
  9.410001
  9.420033
  9.420033
  9.420033
  9.420033
  9.420033
  9.420033
  9.420033
  9.420033
  9.420033
  9.420033
      9.43
      9.43
      9.43
      9.43
      9.43
      9.43
      9.43
      9.43
      9.43
      9.43
  9.440001
  9.440001
  9.440001
  9.440001
  9.440001
  9.440001
  9.440001
  9.440001
  9.440001
  9.440001
  9.450006
  9.450006
  9.450006
  9.450006
  9.450006
  9.450006
  9.450006
  9.450006
  9.450006
  9.450006
  9.459999
  9.459999
  9.459999
  9.459999
  9.459999
  9.459999
  9.459999
  9.459999
  9.459999
  9.459999
  9.470001
  9.470001
  9.470001
  9.470001
  9.470001
  9.470001
  9.470001
  9.470001
  9.470001
  9.470001
  9.480002
  9.480002
  9.480002
  9.480002
  9.480002
  9.480002
  9.480002
  9.480002
  9.480002
  9.480002
  9.489997
  9.489997
  9.489997
  9.489997
  9.489997
  9.489997
  9.489997
  9.489997
  9.489997
  9.489997
  9.500002
  9.500002
  9.500002
  9.500002
  9.500002
  9.500002
  9.500002
  9.500002
  9.500002
  9.500002
  9.510036
  9.510036
  9.510036
  9.510036
  9.510036
  9.510036
  9.510036
  9.510036
  9.510036
  9.510036
  9.519997
  9.519997
  9.519997
  9.519997
  9.519997
  9.519997
  9.519997
  9.519997
  9.519997
  9.519997
  9.530004
  9.530004
  9.530004
  9.530004
  9.530004
  9.530004
  9.530004
  9.530004
  9.530004
  9.530004
  9.540009
  9.540009
  9.540009
  9.540009
  9.540009
  9.540009
  9.540009
  9.540009
  9.540009
  9.540009
      9.55
      9.55
      9.55
      9.55
      9.55
      9.55
      9.55
      9.55
      9.55
      9.55
  9.559998
  9.559998
  9.559998
  9.559998
  9.559998
  9.559998
  9.559998
  9.559998
  9.559998
  9.559998
  9.570004
  9.570004
  9.570004
  9.570004
  9.570004
  9.570004
  9.570004
  9.570004
  9.570004
  9.570004
  9.580002
  9.580002
  9.580002
  9.580002
  9.580002
  9.580002
  9.580002
  9.580002
  9.580002
  9.580002
  9.590009
  9.590009
  9.590009
  9.590009
  9.590009
  9.590009
  9.590009
  9.590009
  9.590009
  9.590009
       9.6
       9.6
       9.6
       9.6
       9.6
       9.6
       9.6
       9.6
       9.6
       9.6
  9.609996
  9.609996
  9.609996
  9.609996
  9.609996
  9.609996
  9.609996
  9.609996
  9.609996
  9.609996
  9.620012
  9.620012
  9.620012
  9.620012
  9.620012
  9.620012
  9.620012
  9.620012
  9.620012
  9.620012
  9.629999
  9.629999
  9.629999
  9.629999
  9.629999
  9.629999
  9.629999
  9.629999
  9.629999
  9.629999
  9.640005
  9.640005
  9.640005
  9.640005
  9.640005
  9.640005
  9.640005
  9.640005
  9.640005
  9.640005
  9.649997
  9.649997
  9.649997
  9.649997
  9.649997
  9.649997
  9.649997
  9.649997
  9.649997
  9.649997
  9.659999
  9.659999
  9.659999
  9.659999
  9.659999
  9.659999
  9.659999
  9.659999
  9.659999
  9.659999
  9.670003
  9.670003
  9.670003
  9.670003
  9.670003
  9.670003
  9.670003
  9.670003
  9.670003
  9.670003
  9.680003
  9.680003
  9.680003
  9.680003
  9.680003
  9.680003
  9.680003
  9.680003
  9.680003
  9.680003
  9.689998
  9.689998
  9.689998
  9.689998
  9.689998
  9.689998
  9.689998
  9.689998
  9.689998
  9.689998
  9.700002
  9.700002
  9.700002
  9.700002
  9.700002
  9.700002
  9.700002
  9.700002
  9.700002
  9.700002
  9.710009
  9.710009
  9.710009
  9.710009
  9.710009
  9.710009
  9.710009
  9.710009
  9.710009
  9.710009
  9.719998
  9.719998
  9.719998
  9.719998
  9.719998
  9.719998
  9.719998
  9.719998
  9.719998
  9.719998
  9.729993
  9.729993
  9.729993
  9.729993
  9.729993
  9.729993
  9.729993
  9.729993
  9.729993
  9.729993
      9.74
      9.74
      9.74
      9.74
      9.74
      9.74
      9.74
      9.74
      9.74
      9.74
  9.749997
  9.749997
  9.749997
  9.749997
  9.749997
  9.749997
  9.749997
  9.749997
  9.749997
  9.749997
  9.760004
  9.760004
  9.760004
  9.760004
  9.760004
  9.760004
  9.760004
  9.760004
  9.760004
  9.760004
  9.770003
  9.770003
  9.770003
  9.770003
  9.770003
  9.770003
  9.770003
  9.770003
  9.770003
  9.770003
      9.78
      9.78
      9.78
      9.78
      9.78
      9.78
      9.78
      9.78
      9.78
      9.78
  9.790005
  9.790005
  9.790005
  9.790005
  9.790005
  9.790005
  9.790005
  9.790005
  9.790005
  9.790005
       9.8
       9.8
       9.8
       9.8
       9.8
       9.8
       9.8
       9.8
       9.8
       9.8
  9.810002
  9.810002
  9.810002
  9.810002
  9.810002
  9.810002
  9.810002
  9.810002
  9.810002
  9.810002
  9.820002
  9.820002
  9.820002
  9.820002
  9.820002
  9.820002
  9.820002
  9.820002
  9.820002
  9.820002
  9.829999
  9.829999
  9.829999
  9.829999
  9.829999
  9.829999
  9.829999
  9.829999
  9.829999
  9.829999
  9.840008
  9.840008
  9.840008
  9.840008
  9.840008
  9.840008
  9.840008
  9.840008
  9.840008
  9.840008
  9.850002
  9.850002
  9.850002
  9.850002
  9.850002
  9.850002
  9.850002
  9.850002
  9.850002
  9.850002
  9.860005
  9.860005
  9.860005
  9.860005
  9.860005
  9.860005
  9.860005
  9.860005
  9.860005
  9.860005
  9.870007
  9.870007
  9.870007
  9.870007
  9.870007
  9.870007
  9.870007
  9.870007
  9.870007
  9.870007
  9.879998
  9.879998
  9.879998
  9.879998
  9.879998
  9.879998
  9.879998
  9.879998
  9.879998
  9.879998
  9.889998
  9.889998
  9.889998
  9.889998
  9.889998
  9.889998
  9.889998
  9.889998
  9.889998
  9.889998
  9.899994
  9.899994
  9.899994
  9.899994
  9.899994
  9.899994
  9.899994
  9.899994
  9.899994
  9.899994
  9.909998
  9.909998
  9.909998
  9.909998
  9.909998
  9.909998
  9.909998
  9.909998
  9.909998
  9.909998
  9.919997
  9.919997
  9.919997
  9.919997
  9.919997
  9.919997
  9.919997
  9.919997
  9.919997
  9.919997
  9.930007
  9.930007
  9.930007
  9.930007
  9.930007
  9.930007
  9.930007
  9.930007
  9.930007
  9.930007
  9.940002
  9.940002
  9.940002
  9.940002
  9.940002
  9.940002
  9.940002
  9.940002
  9.940002
  9.940002
  9.950002
  9.950002
  9.950002
  9.950002
  9.950002
  9.950002
  9.950002
  9.950002
  9.950002
  9.950002
   9.96001
   9.96001
   9.96001
   9.96001
   9.96001
   9.96001
   9.96001
   9.96001
   9.96001
   9.96001
      9.97
      9.97
      9.97
      9.97
      9.97
      9.97
      9.97
      9.97
      9.97
      9.97
  9.979997
  9.979997
  9.979997
  9.979997
  9.979997
  9.979997
  9.979997
  9.979997
  9.979997
  9.979997
      9.99
      9.99
      9.99
      9.99
      9.99
      9.99
      9.99
      9.99
      9.99
      9.99
  9.999996
  9.999996
  9.999996
  9.999996
  9.999996
  9.999996
  9.999996
  9.999996
  9.999996
  9.999996
 10.009996
 10.009996
 10.009996
 10.009996
 10.009996
 10.009996
 10.009996
 10.009996
 10.009996
 10.009996
 10.020007
 10.020007
 10.020007
 10.020007
 10.020007
 10.020007
 10.020007
 10.020007
 10.020007
 10.020007
 10.030001
 10.030001
 10.030001
 10.030001
 10.030001
 10.030001
 10.030001
 10.030001
 10.030001
 10.030001
 10.040005
 10.040005
 10.040005
 10.040005
 10.040005
 10.040005
 10.040005
 10.040005
 10.040005
 10.040005
 10.049999
 10.049999
 10.049999
 10.049999
 10.049999
 10.049999
 10.049999
 10.049999
 10.049999
 10.049999
 10.060002
 10.060002
 10.060002
 10.060002
 10.060002
 10.060002
 10.060002
 10.060002
 10.060002
 10.060002
     10.07
     10.07
     10.07
     10.07
     10.07
     10.07
     10.07
     10.07
     10.07
     10.07
 10.079995
 10.079995
 10.079995
 10.079995
 10.079995
 10.079995
 10.079995
 10.079995
 10.079995
 10.079995
  10.09002
  10.09002
  10.09002
  10.09002
  10.09002
  10.09002
  10.09002
  10.09002
  10.09002
  10.09002
 10.099996
 10.099996
 10.099996
 10.099996
 10.099996
 10.099996
 10.099996
 10.099996
 10.099996
 10.099996
 10.110016
 10.110016
 10.110016
 10.110016
 10.110016
 10.110016
 10.110016
 10.110016
 10.110016
 10.110016
     10.12
     10.12
     10.12
     10.12
     10.12
     10.12
     10.12
     10.12
     10.12
     10.12
 10.129999
 10.129999
 10.129999
 10.129999
 10.129999
 10.129999
 10.129999
 10.129999
 10.129999
 10.129999
 10.140003
 10.140003
 10.140003
 10.140003
 10.140003
 10.140003
 10.140003
 10.140003
 10.140003
 10.140003
 10.149996
 10.149996
 10.149996
 10.149996
 10.149996
 10.149996
 10.149996
 10.149996
 10.149996
 10.149996
 10.159999
 10.159999
 10.159999
 10.159999
 10.159999
 10.159999
 10.159999
 10.159999
 10.159999
 10.159999
 10.170031
 10.170031
 10.170031
 10.170031
 10.170031
 10.170031
 10.170031
 10.170031
 10.170031
 10.170031
     10.18
     10.18
     10.18
     10.18
     10.18
     10.18
     10.18
     10.18
     10.18
     10.18
 10.190044
 10.190044
 10.190044
 10.190044
 10.190044
 10.190044
 10.190044
 10.190044
 10.190044
 10.190044
      10.2
      10.2
      10.2
      10.2
      10.2
      10.2
      10.2
      10.2
      10.2
      10.2
 10.210012
 10.210012
 10.210012
 10.210012
 10.210012
 10.210012
 10.210012
 10.210012
 10.210012
 10.210012
 10.220007
 10.220007
 10.220007
 10.220007
 10.220007
 10.220007
 10.220007
 10.220007
 10.220007
 10.220007
 10.230017
 10.230017
 10.230017
 10.230017
 10.230017
 10.230017
 10.230017
 10.230017
 10.230017
 10.230017
 10.240053
 10.240053
 10.240053
 10.240053
 10.240053
 10.240053
 10.240053
 10.240053
 10.240053
 10.240053
 10.250047
 10.250047
 10.250047
 10.250047
 10.250047
 10.250047
 10.250047
 10.250047
 10.250047
 10.250047
 10.260032
 10.260032
 10.260032
 10.260032
 10.260032
 10.260032
 10.260032
 10.260032
 10.260032
 10.260032
 10.270034
 10.270034
 10.270034
 10.270034
 10.270034
 10.270034
 10.270034
 10.270034
 10.270034
 10.270034
  10.28004
  10.28004
  10.28004
  10.28004
  10.28004
  10.28004
  10.28004
  10.28004
  10.28004
  10.28004
 10.290037
 10.290037
 10.290037
 10.290037
 10.290037
 10.290037
 10.290037
 10.290037
 10.290037
 10.290037
 10.300047
 10.300047
 10.300047
 10.300047
 10.300047
 10.300047
 10.300047
 10.300047
 10.300047
 10.300047
 10.310024
 10.310024
 10.310024
 10.310024
 10.310024
 10.310024
 10.310024
 10.310024
 10.310024
 10.310024
  10.32004
  10.32004
  10.32004
  10.32004
  10.32004
  10.32004
  10.32004
  10.32004
  10.32004
  10.32004
 10.330034
 10.330034
 10.330034
 10.330034
 10.330034
 10.330034
 10.330034
 10.330034
 10.330034
 10.330034
 10.340084
 10.340084
 10.340084
 10.340084
 10.340084
 10.340084
 10.340084
 10.340084
 10.340084
 10.340084
 10.350057
 10.350057
 10.350057
 10.350057
 10.350057
 10.350057
 10.350057
 10.350057
 10.350057
 10.350057
 10.360047
 10.360047
 10.360047
 10.360047
 10.360047
 10.360047
 10.360047
 10.360047
 10.360047
 10.360047
 10.370065
 10.370065
 10.370065
 10.370065
 10.370065
 10.370065
 10.370065
 10.370065
 10.370065
 10.370065
 10.380051
 10.380051
 10.380051
 10.380051
 10.380051
 10.380051
 10.380051
 10.380051
 10.380051
 10.380051
 10.390034
 10.390034
 10.390034
 10.390034
 10.390034
 10.390034
 10.390034
 10.390034
 10.390034
 10.390034
 10.400039
 10.400039
 10.400039
 10.400039
 10.400039
 10.400039
 10.400039
 10.400039
 10.400039
 10.400039
 10.410048
 10.410048
 10.410048
 10.410048
 10.410048
 10.410048
 10.410048
 10.410048
 10.410048
 10.410048
 10.420059
 10.420059
 10.420059
 10.420059
 10.420059
 10.420059
 10.420059
 10.420059
 10.420059
 10.420059
 10.430042
 10.430042
 10.430042
 10.430042
 10.430042
 10.430042
 10.430042
 10.430042
 10.430042
 10.430042
 10.440044
 10.440044
 10.440044
 10.440044
 10.440044
 10.440044
 10.440044
 10.440044
 10.440044
 10.440044
 10.450054
 10.450054
 10.450054
 10.450054
 10.450054
 10.450054
 10.450054
 10.450054
 10.450054
 10.450054
 10.460049
 10.460049
 10.460049
 10.460049
 10.460049
 10.460049
 10.460049
 10.460049
 10.460049
 10.460049
 10.470041
 10.470041
 10.470041
 10.470041
 10.470041
 10.470041
 10.470041
 10.470041
 10.470041
 10.470041
 10.480039
 10.480039
 10.480039
 10.480039
 10.480039
 10.480039
 10.480039
 10.480039
 10.480039
 10.480039
 10.490048
 10.490048
 10.490048
 10.490048
 10.490048
 10.490048
 10.490048
 10.490048
 10.490048
 10.490048
 10.500043
 10.500043
 10.500043
 10.500043
 10.500043
 10.500043
 10.500043
 10.500043
 10.500043
 10.500043
 10.510087
 10.510087
 10.510087
 10.510087
 10.510087
 10.510087
 10.510087
 10.510087
 10.510087
 10.510087
 10.520063
 10.520063
 10.520063
 10.520063
 10.520063
 10.520063
 10.520063
 10.520063
 10.520063
 10.520063
 10.530047
 10.530047
 10.530047
 10.530047
 10.530047
 10.530047
 10.530047
 10.530047
 10.530047
 10.530047
 10.540047
 10.540047
 10.540047
 10.540047
 10.540047
 10.540047
 10.540047
 10.540047
 10.540047
 10.540047
 10.550044
 10.550044
 10.550044
 10.550044
 10.550044
 10.550044
 10.550044
 10.550044
 10.550044
 10.550044
 10.560054
 10.560054
 10.560054
 10.560054
 10.560054
 10.560054
 10.560054
 10.560054
 10.560054
 10.560054
 10.570062
 10.570062
 10.570062
 10.570062
 10.570062
 10.570062
 10.570062
 10.570062
 10.570062
 10.570062
 10.580062
 10.580062
 10.580062
 10.580062
 10.580062
 10.580062
 10.580062
 10.580062
 10.580062
 10.580062
 10.590079
 10.590079
 10.590079
 10.590079
 10.590079
 10.590079
 10.590079
 10.590079
 10.590079
 10.590079
 10.600056
 10.600056
 10.600056
 10.600056
 10.600056
 10.600056
 10.600056
 10.600056
 10.600056
 10.600056
  10.61004
  10.61004
  10.61004
  10.61004
  10.61004
  10.61004
  10.61004
  10.61004
  10.61004
  10.61004
 10.620065
 10.620065
 10.620065
 10.620065
 10.620065
 10.620065
 10.620065
 10.620065
 10.620065
 10.620065
 10.630049
 10.630049
 10.630049
 10.630049
 10.630049
 10.630049
 10.630049
 10.630049
 10.630049
 10.630049
 10.640051
 10.640051
 10.640051
 10.640051
 10.640051
 10.640051
 10.640051
 10.640051
 10.640051
 10.640051
 10.650052
 10.650052
 10.650052
 10.650052
 10.650052
 10.650052
 10.650052
 10.650052
 10.650052
 10.650052
 10.660056
 10.660056
 10.660056
 10.660056
 10.660056
 10.660056
 10.660056
 10.660056
 10.660056
 10.660056
 10.670047
 10.670047
 10.670047
 10.670047
 10.670047
 10.670047
 10.670047
 10.670047
 10.670047
 10.670047
 10.680058
 10.680058
 10.680058
 10.680058
 10.680058
 10.680058
 10.680058
 10.680058
 10.680058
 10.680058
 10.690097
 10.690097
 10.690097
 10.690097
 10.690097
 10.690097
 10.690097
 10.690097
 10.690097
 10.690097
 10.700048
 10.700048
 10.700048
 10.700048
 10.700048
 10.700048
 10.700048
 10.700048
 10.700048
 10.700048
 10.710063
 10.710063
 10.710063
 10.710063
 10.710063
 10.710063
 10.710063
 10.710063
 10.710063
 10.710063
  10.72007
  10.72007
  10.72007
  10.72007
  10.72007
  10.72007
  10.72007
  10.72007
  10.72007
  10.72007
 10.730057
 10.730057
 10.730057
 10.730057
 10.730057
 10.730057
 10.730057
 10.730057
 10.730057
 10.730057
 10.740048
 10.740048
 10.740048
 10.740048
 10.740048
 10.740048
 10.740048
 10.740048
 10.740048
 10.740048
 10.750062
 10.750062
 10.750062
 10.750062
 10.750062
 10.750062
 10.750062
 10.750062
 10.750062
 10.750062
 10.760067
 10.760067
 10.760067
 10.760067
 10.760067
 10.760067
 10.760067
 10.760067
 10.760067
 10.760067
 10.770054
 10.770054
 10.770054
 10.770054
 10.770054
 10.770054
 10.770054
 10.770054
 10.770054
 10.770054
 10.780054
 10.780054
 10.780054
 10.780054
 10.780054
 10.780054
 10.780054
 10.780054
 10.780054
 10.780054
 10.790057
 10.790057
 10.790057
 10.790057
 10.790057
 10.790057
 10.790057
 10.790057
 10.790057
 10.790057
 10.800063
 10.800063
 10.800063
 10.800063
 10.800063
 10.800063
 10.800063
 10.800063
 10.800063
 10.800063
 10.810049
 10.810049
 10.810049
 10.810049
 10.810049
 10.810049
 10.810049
 10.810049
 10.810049
 10.810049
 10.820049
 10.820049
 10.820049
 10.820049
 10.820049
 10.820049
 10.820049
 10.820049
 10.820049
 10.820049
 10.830057
 10.830057
 10.830057
 10.830057
 10.830057
 10.830057
 10.830057
 10.830057
 10.830057
 10.830057
 10.840055
 10.840055
 10.840055
 10.840055
 10.840055
 10.840055
 10.840055
 10.840055
 10.840055
 10.840055
 10.850088
 10.850088
 10.850088
 10.850088
 10.850088
 10.850088
 10.850088
 10.850088
 10.850088
 10.850088
 10.860047
 10.860047
 10.860047
 10.860047
 10.860047
 10.860047
 10.860047
 10.860047
 10.860047
 10.860047
 10.870042
 10.870042
 10.870042
 10.870042
 10.870042
 10.870042
 10.870042
 10.870042
 10.870042
 10.870042
 10.880054
 10.880054
 10.880054
 10.880054
 10.880054
 10.880054
 10.880054
 10.880054
 10.880054
 10.880054
 10.890065
 10.890065
 10.890065
 10.890065
 10.890065
 10.890065
 10.890065
 10.890065
 10.890065
 10.890065
 10.900057
 10.900057
 10.900057
 10.900057
 10.900057
 10.900057
 10.900057
 10.900057
 10.900057
 10.900057
 10.910056
 10.910056
 10.910056
 10.910056
 10.910056
 10.910056
 10.910056
 10.910056
 10.910056
 10.910056
 10.920055
 10.920055
 10.920055
 10.920055
 10.920055
 10.920055
 10.920055
 10.920055
 10.920055
 10.920055
 10.930067
 10.930067
 10.930067
 10.930067
 10.930067
 10.930067
 10.930067
 10.930067
 10.930067
 10.930067
 10.940053
 10.940053
 10.940053
 10.940053
 10.940053
 10.940053
 10.940053
 10.940053
 10.940053
 10.940053
 10.950045
 10.950045
 10.950045
 10.950045
 10.950045
 10.950045
 10.950045
 10.950045
 10.950045
 10.950045
 10.960043
 10.960043
 10.960043
 10.960043
 10.960043
 10.960043
 10.960043
 10.960043
 10.960043
 10.960043
 10.970054
 10.970054
 10.970054
 10.970054
 10.970054
 10.970054
 10.970054
 10.970054
 10.970054
 10.970054
 10.980054
 10.980054
 10.980054
 10.980054
 10.980054
 10.980054
 10.980054
 10.980054
 10.980054
 10.980054
 10.990049
 10.990049
 10.990049
 10.990049
 10.990049
 10.990049
 10.990049
 10.990049
 10.990049
 10.990049
 11.000057
 11.000057
 11.000057
 11.000057
 11.000057
 11.000057
 11.000057
 11.000057
 11.000057
 11.000057
 11.010064
 11.010064
 11.010064
 11.010064
 11.010064
 11.010064
 11.010064
 11.010064
 11.010064
 11.010064
 11.020068
 11.020068
 11.020068
 11.020068
 11.020068
 11.020068
 11.020068
 11.020068
 11.020068
 11.020068
 11.030051
 11.030051
 11.030051
 11.030051
 11.030051
 11.030051
 11.030051
 11.030051
 11.030051
 11.030051
  11.04005
  11.04005
  11.04005
  11.04005
  11.04005
  11.04005
  11.04005
  11.04005
  11.04005
  11.04005
  11.05006
  11.05006
  11.05006
  11.05006
  11.05006
  11.05006
  11.05006
  11.05006
  11.05006
  11.05006
 11.060048
 11.060048
 11.060048
 11.060048
 11.060048
 11.060048
 11.060048
 11.060048
 11.060048
 11.060048
 11.070063
 11.070063
 11.070063
 11.070063
 11.070063
 11.070063
 11.070063
 11.070063
 11.070063
 11.070063
 11.080048
 11.080048
 11.080048
 11.080048
 11.080048
 11.080048
 11.080048
 11.080048
 11.080048
 11.080048
 11.090029
 11.090029
 11.090029
 11.090029
 11.090029
 11.090029
 11.090029
 11.090029
 11.090029
 11.090029
 11.100027
 11.100027
 11.100027
 11.100027
 11.100027
 11.100027
 11.100027
 11.100027
 11.100027
 11.100027
 11.110069
 11.110069
 11.110069
 11.110069
 11.110069
 11.110069
 11.110069
 11.110069
 11.110069
 11.110069
 11.120032
 11.120032
 11.120032
 11.120032
 11.120032
 11.120032
 11.120032
 11.120032
 11.120032
 11.120032
 11.130032
 11.130032
 11.130032
 11.130032
 11.130032
 11.130032
 11.130032
 11.130032
 11.130032
 11.130032
 11.140025
 11.140025
 11.140025
 11.140025
 11.140025
 11.140025
 11.140025
 11.140025
 11.140025
 11.140025
 11.150034
 11.150034
 11.150034
 11.150034
 11.150034
 11.150034
 11.150034
 11.150034
 11.150034
 11.150034
 11.160038
 11.160038
 11.160038
 11.160038
 11.160038
 11.160038
 11.160038
 11.160038
 11.160038
 11.160038
 11.170039
 11.170039
 11.170039
 11.170039
 11.170039
 11.170039
 11.170039
 11.170039
 11.170039
 11.170039
 11.180033
 11.180033
 11.180033
 11.180033
 11.180033
 11.180033
 11.180033
 11.180033
 11.180033
 11.180033
 11.190052
 11.190052
 11.190052
 11.190052
 11.190052
 11.190052
 11.190052
 11.190052
 11.190052
 11.190052
  11.20003
  11.20003
  11.20003
  11.20003
  11.20003
  11.20003
  11.20003
  11.20003
  11.20003
  11.20003
 11.210034
 11.210034
 11.210034
 11.210034
 11.210034
 11.210034
 11.210034
 11.210034
 11.210034
 11.210034
 11.220041
 11.220041
 11.220041
 11.220041
 11.220041
 11.220041
 11.220041
 11.220041
 11.220041
 11.220041
 11.230033
 11.230033
 11.230033
 11.230033
 11.230033
 11.230033
 11.230033
 11.230033
 11.230033
 11.230033
 11.240031
 11.240031
 11.240031
 11.240031
 11.240031
 11.240031
 11.240031
 11.240031
 11.240031
 11.240031
 11.250034
 11.250034
 11.250034
 11.250034
 11.250034
 11.250034
 11.250034
 11.250034
 11.250034
 11.250034
 11.260031
 11.260031
 11.260031
 11.260031
 11.260031
 11.260031
 11.260031
 11.260031
 11.260031
 11.260031
 11.270045
 11.270045
 11.270045
 11.270045
 11.270045
 11.270045
 11.270045
 11.270045
 11.270045
 11.270045
 11.280035
 11.280035
 11.280035
 11.280035
 11.280035
 11.280035
 11.280035
 11.280035
 11.280035
 11.280035
 11.289999
 11.289999
 11.289999
 11.289999
 11.289999
 11.289999
 11.289999
 11.289999
 11.289999
 11.289999
 11.300045
 11.300045
 11.300045
 11.300045
 11.300045
 11.300045
 11.300045
 11.300045
 11.300045
 11.300045
 11.310006
 11.310006
 11.310006
 11.310006
 11.310006
 11.310006
 11.310006
 11.310006
 11.310006
 11.310006
 11.320001
 11.320001
 11.320001
 11.320001
 11.320001
 11.320001
 11.320001
 11.320001
 11.320001
 11.320001
 11.330005
 11.330005
 11.330005
 11.330005
 11.330005
 11.330005
 11.330005
 11.330005
 11.330005
 11.330005
 11.340002
 11.340002
 11.340002
 11.340002
 11.340002
 11.340002
 11.340002
 11.340002
 11.340002
 11.340002
 11.350008
 11.350008
 11.350008
 11.350008
 11.350008
 11.350008
 11.350008
 11.350008
 11.350008
 11.350008
 11.360005
 11.360005
 11.360005
 11.360005
 11.360005
 11.360005
 11.360005
 11.360005
 11.360005
 11.360005
 11.370013
 11.370013
 11.370013
 11.370013
 11.370013
 11.370013
 11.370013
 11.370013
 11.370013
 11.370013
 11.380004
 11.380004
 11.380004
 11.380004
 11.380004
 11.380004
 11.380004
 11.380004
 11.380004
 11.380004
     11.39
     11.39
     11.39
     11.39
     11.39
     11.39
     11.39
     11.39
     11.39
     11.39
 11.400004
 11.400004
 11.400004
 11.400004
 11.400004
 11.400004
 11.400004
 11.400004
 11.400004
 11.400004
 11.410002
 11.410002
 11.410002
 11.410002
 11.410002
 11.410002
 11.410002
 11.410002
 11.410002
 11.410002
 11.420002
 11.420002
 11.420002
 11.420002
 11.420002
 11.420002
 11.420002
 11.420002
 11.420002
 11.420002
 11.429998
 11.429998
 11.429998
 11.429998
 11.429998
 11.429998
 11.429998
 11.429998
 11.429998
 11.429998
 11.440006
 11.440006
 11.440006
 11.440006
 11.440006
 11.440006
 11.440006
 11.440006
 11.440006
 11.440006
 11.450011
 11.450011
 11.450011
 11.450011
 11.450011
 11.450011
 11.450011
 11.450011
 11.450011
 11.450011
 11.460002
 11.460002
 11.460002
 11.460002
 11.460002
 11.460002
 11.460002
 11.460002
 11.460002
 11.460002
 11.470004
 11.470004
 11.470004
 11.470004
 11.470004
 11.470004
 11.470004
 11.470004
 11.470004
 11.470004
 11.480003
 11.480003
 11.480003
 11.480003
 11.480003
 11.480003
 11.480003
 11.480003
 11.480003
 11.480003
 11.489996
 11.489996
 11.489996
 11.489996
 11.489996
 11.489996
 11.489996
 11.489996
 11.489996
 11.489996
 11.500001
 11.500001
 11.500001
 11.500001
 11.500001
 11.500001
 11.500001
 11.500001
 11.500001
 11.500001
 11.509998
 11.509998
 11.509998
 11.509998
 11.509998
 11.509998
 11.509998
 11.509998
 11.509998
 11.509998
 11.520006
 11.520006
 11.520006
 11.520006
 11.520006
 11.520006
 11.520006
 11.520006
 11.520006
 11.520006
 11.530006
 11.530006
 11.530006
 11.530006
 11.530006
 11.530006
 11.530006
 11.530006
 11.530006
 11.530006
 11.539995
 11.539995
 11.539995
 11.539995
 11.539995
 11.539995
 11.539995
 11.539995
 11.539995
 11.539995
 11.550001
 11.550001
 11.550001
 11.550001
 11.550001
 11.550001
 11.550001
 11.550001
 11.550001
 11.550001
 11.560011
 11.560011
 11.560011
 11.560011
 11.560011
 11.560011
 11.560011
 11.560011
 11.560011
 11.560011
 11.569999
 11.569999
 11.569999
 11.569999
 11.569999
 11.569999
 11.569999
 11.569999
 11.569999
 11.569999
 11.580003
 11.580003
 11.580003
 11.580003
 11.580003
 11.580003
 11.580003
 11.580003
 11.580003
 11.580003
 11.590003
 11.590003
 11.590003
 11.590003
 11.590003
 11.590003
 11.590003
 11.590003
 11.590003
 11.590003
 11.600002
 11.600002
 11.600002
 11.600002
 11.600002
 11.600002
 11.600002
 11.600002
 11.600002
 11.600002
 11.610014
 11.610014
 11.610014
 11.610014
 11.610014
 11.610014
 11.610014
 11.610014
 11.610014
 11.610014
 11.620002
 11.620002
 11.620002
 11.620002
 11.620002
 11.620002
 11.620002
 11.620002
 11.620002
 11.620002
 11.630001
 11.630001
 11.630001
 11.630001
 11.630001
 11.630001
 11.630001
 11.630001
 11.630001
 11.630001
 11.640004
 11.640004
 11.640004
 11.640004
 11.640004
 11.640004
 11.640004
 11.640004
 11.640004
 11.640004
 11.650008
 11.650008
 11.650008
 11.650008
 11.650008
 11.650008
 11.650008
 11.650008
 11.650008
 11.650008
 11.660004
 11.660004
 11.660004
 11.660004
 11.660004
 11.660004
 11.660004
 11.660004
 11.660004
 11.660004
 11.670005
 11.670005
 11.670005
 11.670005
 11.670005
 11.670005
 11.670005
 11.670005
 11.670005
 11.670005
 11.680002
 11.680002
 11.680002
 11.680002
 11.680002
 11.680002
 11.680002
 11.680002
 11.680002
 11.680002
 11.690007
 11.690007
 11.690007
 11.690007
 11.690007
 11.690007
 11.690007
 11.690007
 11.690007
 11.690007
 11.700008
 11.700008
 11.700008
 11.700008
 11.700008
 11.700008
 11.700008
 11.700008
 11.700008
 11.700008
 11.709999
 11.709999
 11.709999
 11.709999
 11.709999
 11.709999
 11.709999
 11.709999
 11.709999
 11.709999
 11.720012
 11.720012
 11.720012
 11.720012
 11.720012
 11.720012
 11.720012
 11.720012
 11.720012
 11.720012
 11.730001
 11.730001
 11.730001
 11.730001
 11.730001
 11.730001
 11.730001
 11.730001
 11.730001
 11.730001
 11.739998
 11.739998
 11.739998
 11.739998
 11.739998
 11.739998
 11.739998
 11.739998
 11.739998
 11.739998
     11.75
     11.75
     11.75
     11.75
     11.75
     11.75
     11.75
     11.75
     11.75
     11.75
 11.760003
 11.760003
 11.760003
 11.760003
 11.760003
 11.760003
 11.760003
 11.760003
 11.760003
 11.760003
 11.770004
 11.770004
 11.770004
 11.770004
 11.770004
 11.770004
 11.770004
 11.770004
 11.770004
 11.770004
 11.780005
 11.780005
 11.780005
 11.780005
 11.780005
 11.780005
 11.780005
 11.780005
 11.780005
 11.780005
 11.789998
 11.789998
 11.789998
 11.789998
 11.789998
 11.789998
 11.789998
 11.789998
 11.789998
 11.789998
 11.800002
 11.800002
 11.800002
 11.800002
 11.800002
 11.800002
 11.800002
 11.800002
 11.800002
 11.800002
 11.810003
 11.810003
 11.810003
 11.810003
 11.810003
 11.810003
 11.810003
 11.810003
 11.810003
 11.810003
 11.820007
 11.820007
 11.820007
 11.820007
 11.820007
 11.820007
 11.820007
 11.820007
 11.820007
 11.820007
 11.829998
 11.829998
 11.829998
 11.829998
 11.829998
 11.829998
 11.829998
 11.829998
 11.829998
 11.829998
 11.840006
 11.840006
 11.840006
 11.840006
 11.840006
 11.840006
 11.840006
 11.840006
 11.840006
 11.840006
 11.850007
 11.850007
 11.850007
 11.850007
 11.850007
 11.850007
 11.850007
 11.850007
 11.850007
 11.850007
 11.859996
 11.859996
 11.859996
 11.859996
 11.859996
 11.859996
 11.859996
 11.859996
 11.859996
 11.859996
 11.870003
 11.870003
 11.870003
 11.870003
 11.870003
 11.870003
 11.870003
 11.870003
 11.870003
 11.870003
 11.880003
 11.880003
 11.880003
 11.880003
 11.880003
 11.880003
 11.880003
 11.880003
 11.880003
 11.880003
 11.890005
 11.890005
 11.890005
 11.890005
 11.890005
 11.890005
 11.890005
 11.890005
 11.890005
 11.890005
 11.900002
 11.900002
 11.900002
 11.900002
 11.900002
 11.900002
 11.900002
 11.900002
 11.900002
 11.900002
 11.910001
 11.910001
 11.910001
 11.910001
 11.910001
 11.910001
 11.910001
 11.910001
 11.910001
 11.910001
 11.920003
 11.920003
 11.920003
 11.920003
 11.920003
 11.920003
 11.920003
 11.920003
 11.920003
 11.920003
 11.930008
 11.930008
 11.930008
 11.930008
 11.930008
 11.930008
 11.930008
 11.930008
 11.930008
 11.930008
 11.940003
 11.940003
 11.940003
 11.940003
 11.940003
 11.940003
 11.940003
 11.940003
 11.940003
 11.940003
 11.950003
 11.950003
 11.950003
 11.950003
 11.950003
 11.950003
 11.950003
 11.950003
 11.950003
 11.950003
 11.960001
 11.960001
 11.960001
 11.960001
 11.960001
 11.960001
 11.960001
 11.960001
 11.960001
 11.960001
 11.970006
 11.970006
 11.970006
 11.970006
 11.970006
 11.970006
 11.970006
 11.970006
 11.970006
 11.970006
 11.980006
 11.980006
 11.980006
 11.980006
 11.980006
 11.980006
 11.980006
 11.980006
 11.980006
 11.980006
 11.990002
 11.990002
 11.990002
 11.990002
 11.990002
 11.990002
 11.990002
 11.990002
 11.990002
 11.990002
 11.999997
 11.999997
 11.999997
 11.999997
 11.999997
 11.999997
 11.999997
 11.999997
 11.999997
 11.999997
 12.010006
 12.010006
 12.010006
 12.010006
 12.010006
 12.010006
 12.010006
 12.010006
 12.010006
 12.010006
 12.020001
 12.020001
 12.020001
 12.020001
 12.020001
 12.020001
 12.020001
 12.020001
 12.020001
 12.020001
 12.030006
 12.030006
 12.030006
 12.030006
 12.030006
 12.030006
 12.030006
 12.030006
 12.030006
 12.030006
 12.040011
 12.040011
 12.040011
 12.040011
 12.040011
 12.040011
 12.040011
 12.040011
 12.040011
 12.040011
 12.050003
 12.050003
 12.050003
 12.050003
 12.050003
 12.050003
 12.050003
 12.050003
 12.050003
 12.050003
     12.06
     12.06
     12.06
     12.06
     12.06
     12.06
     12.06
     12.06
     12.06
     12.06
 12.070004
 12.070004
 12.070004
 12.070004
 12.070004
 12.070004
 12.070004
 12.070004
 12.070004
 12.070004
 12.079996
 12.079996
 12.079996
 12.079996
 12.079996
 12.079996
 12.079996
 12.079996
 12.079996
 12.079996
 12.090001
 12.090001
 12.090001
 12.090001
 12.090001
 12.090001
 12.090001
 12.090001
 12.090001
 12.090001
 12.099999
 12.099999
 12.099999
 12.099999
 12.099999
 12.099999
 12.099999
 12.099999
 12.099999
 12.099999
     12.11
     12.11
     12.11
     12.11
     12.11
     12.11
     12.11
     12.11
     12.11
     12.11
 12.119999
 12.119999
 12.119999
 12.119999
 12.119999
 12.119999
 12.119999
 12.119999
 12.119999
 12.119999
 12.130015
 12.130015
 12.130015
 12.130015
 12.130015
 12.130015
 12.130015
 12.130015
 12.130015
 12.130015
     12.14
     12.14
     12.14
     12.14
     12.14
     12.14
     12.14
     12.14
     12.14
     12.14
 12.150004
 12.150004
 12.150004
 12.150004
 12.150004
 12.150004
 12.150004
 12.150004
 12.150004
 12.150004
 12.160004
 12.160004
 12.160004
 12.160004
 12.160004
 12.160004
 12.160004
 12.160004
 12.160004
 12.160004
 12.170001
 12.170001
 12.170001
 12.170001
 12.170001
 12.170001
 12.170001
 12.170001
 12.170001
 12.170001
 12.180001
 12.180001
 12.180001
 12.180001
 12.180001
 12.180001
 12.180001
 12.180001
 12.180001
 12.180001
 12.190016
 12.190016
 12.190016
 12.190016
 12.190016
 12.190016
 12.190016
 12.190016
 12.190016
 12.190016
 12.199992
 12.199992
 12.199992
 12.199992
 12.199992
 12.199992
 12.199992
 12.199992
 12.199992
 12.199992
 12.209996
 12.209996
 12.209996
 12.209996
 12.209996
 12.209996
 12.209996
 12.209996
 12.209996
 12.209996
 12.220002
 12.220002
 12.220002
 12.220002
 12.220002
 12.220002
 12.220002
 12.220002
 12.220002
 12.220002
  12.23001
  12.23001
  12.23001
  12.23001
  12.23001
  12.23001
  12.23001
  12.23001
  12.23001
  12.23001
 12.240003
 12.240003
 12.240003
 12.240003
 12.240003
 12.240003
 12.240003
 12.240003
 12.240003
 12.240003
 12.250002
 12.250002
 12.250002
 12.250002
 12.250002
 12.250002
 12.250002
 12.250002
 12.250002
 12.250002
 12.259997
 12.259997
 12.259997
 12.259997
 12.259997
 12.259997
 12.259997
 12.259997
 12.259997
 12.259997
 12.270004
 12.270004
 12.270004
 12.270004
 12.270004
 12.270004
 12.270004
 12.270004
 12.270004
 12.270004
 12.280002
 12.280002
 12.280002
 12.280002
 12.280002
 12.280002
 12.280002
 12.280002
 12.280002
 12.280002
 12.289998
 12.289998
 12.289998
 12.289998
 12.289998
 12.289998
 12.289998
 12.289998
 12.289998
 12.289998
 12.299996
 12.299996
 12.299996
 12.299996
 12.299996
 12.299996
 12.299996
 12.299996
 12.299996
 12.299996
 12.310002
 12.310002
 12.310002
 12.310002
 12.310002
 12.310002
 12.310002
 12.310002
 12.310002
 12.310002
  12.32001
  12.32001
  12.32001
  12.32001
  12.32001
  12.32001
  12.32001
  12.32001
  12.32001
  12.32001
 12.330001
 12.330001
 12.330001
 12.330001
 12.330001
 12.330001
 12.330001
 12.330001
 12.330001
 12.330001
 12.339999
 12.339999
 12.339999
 12.339999
 12.339999
 12.339999
 12.339999
 12.339999
 12.339999
 12.339999
 12.350004
 12.350004
 12.350004
 12.350004
 12.350004
 12.350004
 12.350004
 12.350004
 12.350004
 12.350004
 12.360002
 12.360002
 12.360002
 12.360002
 12.360002
 12.360002
 12.360002
 12.360002
 12.360002
 12.360002
 12.370003
 12.370003
 12.370003
 12.370003
 12.370003
 12.370003
 12.370003
 12.370003
 12.370003
 12.370003
 12.380001
 12.380001
 12.380001
 12.380001
 12.380001
 12.380001
 12.380001
 12.380001
 12.380001
 12.380001
 12.390002
 12.390002
 12.390002
 12.390002
 12.390002
 12.390002
 12.390002
 12.390002
 12.390002
 12.390002
 12.400002
 12.400002
 12.400002
 12.400002
 12.400002
 12.400002
 12.400002
 12.400002
 12.400002
 12.400002
 12.410003
 12.410003
 12.410003
 12.410003
 12.410003
 12.410003
 12.410003
 12.410003
 12.410003
 12.410003
 12.419999
 12.419999
 12.419999
 12.419999
 12.419999
 12.419999
 12.419999
 12.419999
 12.419999
 12.419999
 12.430009
 12.430009
 12.430009
 12.430009
 12.430009
 12.430009
 12.430009
 12.430009
 12.430009
 12.430009
 12.440007
 12.440007
 12.440007
 12.440007
 12.440007
 12.440007
 12.440007
 12.440007
 12.440007
 12.440007
     12.45
     12.45
     12.45
     12.45
     12.45
     12.45
     12.45
     12.45
     12.45
     12.45
 12.460001
 12.460001
 12.460001
 12.460001
 12.460001
 12.460001
 12.460001
 12.460001
 12.460001
 12.460001
 12.470001
 12.470001
 12.470001
 12.470001
 12.470001
 12.470001
 12.470001
 12.470001
 12.470001
 12.470001
 12.480004
 12.480004
 12.480004
 12.480004
 12.480004
 12.480004
 12.480004
 12.480004
 12.480004
 12.480004
 12.489999
 12.489999
 12.489999
 12.489999
 12.489999
 12.489999
 12.489999
 12.489999
 12.489999
 12.489999
 12.500001
 12.500001
 12.500001
 12.500001
 12.500001
 12.500001
 12.500001
 12.500001
 12.500001
 12.500001
 12.510009
 12.510009
 12.510009
 12.510009
 12.510009
 12.510009
 12.510009
 12.510009
 12.510009
 12.510009
 12.520022
 12.520022
 12.520022
 12.520022
 12.520022
 12.520022
 12.520022
 12.520022
 12.520022
 12.520022
 12.529998
 12.529998
 12.529998
 12.529998
 12.529998
 12.529998
 12.529998
 12.529998
 12.529998
 12.529998
 12.540005
 12.540005
 12.540005
 12.540005
 12.540005
 12.540005
 12.540005
 12.540005
 12.540005
 12.540005
 12.549995
 12.549995
 12.549995
 12.549995
 12.549995
 12.549995
 12.549995
 12.549995
 12.549995
 12.549995
 12.560002
 12.560002
 12.560002
 12.560002
 12.560002
 12.560002
 12.560002
 12.560002
 12.560002
 12.560002
 12.570003
 12.570003
 12.570003
 12.570003
 12.570003
 12.570003
 12.570003
 12.570003
 12.570003
 12.570003
 12.580001
 12.580001
 12.580001
 12.580001
 12.580001
 12.580001
 12.580001
 12.580001
 12.580001
 12.580001
 12.590005
 12.590005
 12.590005
 12.590005
 12.590005
 12.590005
 12.590005
 12.590005
 12.590005
 12.590005
      12.6
      12.6
      12.6
      12.6
      12.6
      12.6
      12.6
      12.6
      12.6
      12.6
 12.610003
 12.610003
 12.610003
 12.610003
 12.610003
 12.610003
 12.610003
 12.610003
 12.610003
 12.610003
  12.62001
  12.62001
  12.62001
  12.62001
  12.62001
  12.62001
  12.62001
  12.62001
  12.62001
  12.62001
 12.629999
 12.629999
 12.629999
 12.629999
 12.629999
 12.629999
 12.629999
 12.629999
 12.629999
 12.629999
 12.640003
 12.640003
 12.640003
 12.640003
 12.640003
 12.640003
 12.640003
 12.640003
 12.640003
 12.640003
 12.650008
 12.650008
 12.650008
 12.650008
 12.650008
 12.650008
 12.650008
 12.650008
 12.650008
 12.650008
     12.66
     12.66
     12.66
     12.66
     12.66
     12.66
     12.66
     12.66
     12.66
     12.66
 12.670008
 12.670008
 12.670008
 12.670008
 12.670008
 12.670008
 12.670008
 12.670008
 12.670008
 12.670008
 12.680005
 12.680005
 12.680005
 12.680005
 12.680005
 12.680005
 12.680005
 12.680005
 12.680005
 12.680005
 12.689998
 12.689998
 12.689998
 12.689998
 12.689998
 12.689998
 12.689998
 12.689998
 12.689998
 12.689998
      12.7
      12.7
      12.7
      12.7
      12.7
      12.7
      12.7
      12.7
      12.7
      12.7
     12.71
     12.71
     12.71
     12.71
     12.71
     12.71
     12.71
     12.71
     12.71
     12.71
 12.719995
 12.719995
 12.719995
 12.719995
 12.719995
 12.719995
 12.719995
 12.719995
 12.719995
 12.719995
 12.729999
 12.729999
 12.729999
 12.729999
 12.729999
 12.729999
 12.729999
 12.729999
 12.729999
 12.729999
 12.740005
 12.740005
 12.740005
 12.740005
 12.740005
 12.740005
 12.740005
 12.740005
 12.740005
 12.740005
 12.749999
 12.749999
 12.749999
 12.749999
 12.749999
 12.749999
 12.749999
 12.749999
 12.749999
 12.749999
     12.76
     12.76
     12.76
     12.76
     12.76
     12.76
     12.76
     12.76
     12.76
     12.76
 12.770005
 12.770005
 12.770005
 12.770005
 12.770005
 12.770005
 12.770005
 12.770005
 12.770005
 12.770005
 12.779997
 12.779997
 12.779997
 12.779997
 12.779997
 12.779997
 12.779997
 12.779997
 12.779997
 12.779997
 12.790003
 12.790003
 12.790003
 12.790003
 12.790003
 12.790003
 12.790003
 12.790003
 12.790003
 12.790003
 12.800002
 12.800002
 12.800002
 12.800002
 12.800002
 12.800002
 12.800002
 12.800002
 12.800002
 12.800002
 12.810009
 12.810009
 12.810009
 12.810009
 12.810009
 12.810009
 12.810009
 12.810009
 12.810009
 12.810009
 12.820002
 12.820002
 12.820002
 12.820002
 12.820002
 12.820002
 12.820002
 12.820002
 12.820002
 12.820002
 12.830003
 12.830003
 12.830003
 12.830003
 12.830003
 12.830003
 12.830003
 12.830003
 12.830003
 12.830003
 12.839995
 12.839995
 12.839995
 12.839995
 12.839995
 12.839995
 12.839995
 12.839995
 12.839995
 12.839995
 12.850001
 12.850001
 12.850001
 12.850001
 12.850001
 12.850001
 12.850001
 12.850001
 12.850001
 12.850001
 12.859998
 12.859998
 12.859998
 12.859998
 12.859998
 12.859998
 12.859998
 12.859998
 12.859998
 12.859998
 12.870001
 12.870001
 12.870001
 12.870001
 12.870001
 12.870001
 12.870001
 12.870001
 12.870001
 12.870001
     12.88
     12.88
     12.88
     12.88
     12.88
     12.88
     12.88
     12.88
     12.88
     12.88
 12.890001
 12.890001
 12.890001
 12.890001
 12.890001
 12.890001
 12.890001
 12.890001
 12.890001
 12.890001
 12.900005
 12.900005
 12.900005
 12.900005
 12.900005
 12.900005
 12.900005
 12.900005
 12.900005
 12.900005
 12.910001
 12.910001
 12.910001
 12.910001
 12.910001
 12.910001
 12.910001
 12.910001
 12.910001
 12.910001
 12.920006
 12.920006
 12.920006
 12.920006
 12.920006
 12.920006
 12.920006
 12.920006
 12.920006
 12.920006
 12.929993
 12.929993
 12.929993
 12.929993
 12.929993
 12.929993
 12.929993
 12.929993
 12.929993
 12.929993
 12.940005
 12.940005
 12.940005
 12.940005
 12.940005
 12.940005
 12.940005
 12.940005
 12.940005
 12.940005
     12.95
     12.95
     12.95
     12.95
     12.95
     12.95
     12.95
     12.95
     12.95
     12.95
 12.960002
 12.960002
 12.960002
 12.960002
 12.960002
 12.960002
 12.960002
 12.960002
 12.960002
 12.960002
 12.969994
 12.969994
 12.969994
 12.969994
 12.969994
 12.969994
 12.969994
 12.969994
 12.969994
 12.969994
     12.98
     12.98
     12.98
     12.98
     12.98
     12.98
     12.98
     12.98
     12.98
     12.98
 12.990005
 12.990005
 12.990005
 12.990005
 12.990005
 12.990005
 12.990005
 12.990005
 12.990005
 12.990005
 13.000009
 13.000009
 13.000009
 13.000009
 13.000009
 13.000009
 13.000009
 13.000009
 13.000009
 13.000009
 13.010003
 13.010003
 13.010003
 13.010003
 13.010003
 13.010003
 13.010003
 13.010003
 13.010003
 13.010003
 13.020001
 13.020001
 13.020001
 13.020001
 13.020001
 13.020001
 13.020001
 13.020001
 13.020001
 13.020001
 13.029997
 13.029997
 13.029997
 13.029997
 13.029997
 13.029997
 13.029997
 13.029997
 13.029997
 13.029997
 13.040003
 13.040003
 13.040003
 13.040003
 13.040003
 13.040003
 13.040003
 13.040003
 13.040003
 13.040003
 13.050001
 13.050001
 13.050001
 13.050001
 13.050001
 13.050001
 13.050001
 13.050001
 13.050001
 13.050001
 13.060002
 13.060002
 13.060002
 13.060002
 13.060002
 13.060002
 13.060002
 13.060002
 13.060002
 13.060002
 13.069998
 13.069998
 13.069998
 13.069998
 13.069998
 13.069998
 13.069998
 13.069998
 13.069998
 13.069998
 13.080008
 13.080008
 13.080008
 13.080008
 13.080008
 13.080008
 13.080008
 13.080008
 13.080008
 13.080008
 13.090003
 13.090003
 13.090003
 13.090003
 13.090003
 13.090003
 13.090003
 13.090003
 13.090003
 13.090003
 13.100001
 13.100001
 13.100001
 13.100001
 13.100001
 13.100001
 13.100001
 13.100001
 13.100001
 13.100001
 13.110004
 13.110004
 13.110004
 13.110004
 13.110004
 13.110004
 13.110004
 13.110004
 13.110004
 13.110004
 13.119999
 13.119999
 13.119999
 13.119999
 13.119999
 13.119999
 13.119999
 13.119999
 13.119999
 13.119999
 13.130002
 13.130002
 13.130002
 13.130002
 13.130002
 13.130002
 13.130002
 13.130002
 13.130002
 13.130002
     13.14
     13.14
     13.14
     13.14
     13.14
     13.14
     13.14
     13.14
     13.14
     13.14
 13.150001
 13.150001
 13.150001
 13.150001
 13.150001
 13.150001
 13.150001
 13.150001
 13.150001
 13.150001
 13.159997
 13.159997
 13.159997
 13.159997
 13.159997
 13.159997
 13.159997
 13.159997
 13.159997
 13.159997
 13.170008
 13.170008
 13.170008
 13.170008
 13.170008
 13.170008
 13.170008
 13.170008
 13.170008
 13.170008
 13.180002
 13.180002
 13.180002
 13.180002
 13.180002
 13.180002
 13.180002
 13.180002
 13.180002
 13.180002
 13.190009
 13.190009
 13.190009
 13.190009
 13.190009
 13.190009
 13.190009
 13.190009
 13.190009
 13.190009
 13.200003
 13.200003
 13.200003
 13.200003
 13.200003
 13.200003
 13.200003
 13.200003
 13.200003
 13.200003
 13.210003
 13.210003
 13.210003
 13.210003
 13.210003
 13.210003
 13.210003
 13.210003
 13.210003
 13.210003
 13.220009
 13.220009
 13.220009
 13.220009
 13.220009
 13.220009
 13.220009
 13.220009
 13.220009
 13.220009
 13.230001
 13.230001
 13.230001
 13.230001
 13.230001
 13.230001
 13.230001
 13.230001
 13.230001
 13.230001
 13.240003
 13.240003
 13.240003
 13.240003
 13.240003
 13.240003
 13.240003
 13.240003
 13.240003
 13.240003
 13.250005
 13.250005
 13.250005
 13.250005
 13.250005
 13.250005
 13.250005
 13.250005
 13.250005
 13.250005
 13.260007
 13.260007
 13.260007
 13.260007
 13.260007
 13.260007
 13.260007
 13.260007
 13.260007
 13.260007
 13.270002
 13.270002
 13.270002
 13.270002
 13.270002
 13.270002
 13.270002
 13.270002
 13.270002
 13.270002
 13.280006
 13.280006
 13.280006
 13.280006
 13.280006
 13.280006
 13.280006
 13.280006
 13.280006
 13.280006
 13.290001
 13.290001
 13.290001
 13.290001
 13.290001
 13.290001
 13.290001
 13.290001
 13.290001
 13.290001
 13.299996
 13.299996
 13.299996
 13.299996
 13.299996
 13.299996
 13.299996
 13.299996
 13.299996
 13.299996
 13.310004
 13.310004
 13.310004
 13.310004
 13.310004
 13.310004
 13.310004
 13.310004
 13.310004
 13.310004
 13.320008
 13.320008
 13.320008
 13.320008
 13.320008
 13.320008
 13.320008
 13.320008
 13.320008
 13.320008
 13.330003
 13.330003
 13.330003
 13.330003
 13.330003
 13.330003
 13.330003
 13.330003
 13.330003
 13.330003
 13.340006
 13.340006
 13.340006
 13.340006
 13.340006
 13.340006
 13.340006
 13.340006
 13.340006
 13.340006
 13.350003
 13.350003
 13.350003
 13.350003
 13.350003
 13.350003
 13.350003
 13.350003
 13.350003
 13.350003
 13.359999
 13.359999
 13.359999
 13.359999
 13.359999
 13.359999
 13.359999
 13.359999
 13.359999
 13.359999
 13.370008
 13.370008
 13.370008
 13.370008
 13.370008
 13.370008
 13.370008
 13.370008
 13.370008
 13.370008
 13.380002
 13.380002
 13.380002
 13.380002
 13.380002
 13.380002
 13.380002
 13.380002
 13.380002
 13.380002
