 -4.381698
-26.705191
 -4.579106
 20.561686
  18.51393
 -0.482402
 -20.67747
-38.075998
-47.809352
-29.637872
 -6.953775
 -5.491772
  1.874738
 15.388094
  4.409546
-66.354876
  4.771345
-16.345583
  7.239442
 20.022392
  8.301185
-28.419568
-55.683671
-15.943108
 24.023795
  7.761039
 -5.743296
 13.846958
 19.236508
-58.995006
-33.096069
  2.599358
-45.827794
  1.190281
 24.585895
 22.351113
-17.823578
-27.834664
 16.115947
 22.633097
-21.692582
-10.711654
  9.705837
 -6.310331
-48.678283
-54.932678
-24.870325
 18.327584
 30.210801
 28.383425
 -4.091375
-39.113915
  6.042577
-20.884239
 -7.846361
 -7.537487
 -9.833193
 -26.82057
-27.281413
 -16.03262
-16.009477
-26.293015
 12.833035
 35.411451
 -24.60553
-30.403332
  -3.02895
 -40.08904
-11.430657
   5.86423
 13.735151
 -2.994915
 -6.081101
 11.512281
 -2.663748
-48.557113
-25.833534
 28.021115
 12.545263
-78.822998
-21.910413
 -10.37164
-19.490138
  3.642722
 37.115449
 40.852225
  4.828525
-35.821307
 -8.363364
-13.041908
-43.048782
-20.452834
 22.156258
 10.164808
-28.377703
-41.630003
-17.977929
 22.636672
 14.408887
-10.315649
 24.619931
-13.979421
  -24.3506
-18.715145
-26.359385
-28.886026
 -6.276125
 20.491573
  7.115552
-23.491372
-50.364577
-14.737054
 -5.330614
 -3.661504
  0.313352
-23.879036
-27.156843
-27.256397
 -5.130654
 11.434509
 21.590756
 13.950767
  10.63399
-18.999852
-42.375723
-30.939227
-27.933365
 -15.39394
  -0.03262
   3.91756
 -4.261724
 -9.978184
 -2.820823
   0.33037
  -0.75639
  6.201524
  11.46412
  2.108224
-19.827259
-39.494433
-35.705245
-14.417288
 15.861019
 20.664984
  4.080591
 -9.355673
-36.948059
 11.893821
-16.250962
  7.438381
  0.689617
 -6.941863
-13.537637
-22.726588
-17.598945
 -8.938396
   1.94315
 11.194388
 -2.156787
-52.131885
-13.073561
-28.320014
-38.757049
-12.899127
 -2.299395
  7.296111
  8.690213
  5.811816
 -4.834204
-24.941291
-22.223202
  3.530064
  9.257928
-12.279508
-33.224553
 -39.77829
 -32.03024
-11.699201
 14.393911
 13.297112
  6.726865
-11.938982
  4.548581
-19.514129
-13.055692
-10.992959
  0.913401
  3.616514
-12.785447
-19.526384
 -21.81256
 -5.573289
 10.098439
  5.719069
-16.351537
  7.496581
  -2.36049
-25.828089
-16.020368
-14.665069
  4.448347
 14.254365
 19.900372
 11.096025
-28.372934
-49.570356
 -13.02438
 -0.499421
-11.709922
-23.459038
 -20.84867
-21.364139
-27.364118
-17.556908
 11.918497
 16.800574
 11.081559
  4.471491
-11.083155
-35.977529
-29.511259
-16.066825
 -4.502696
-10.798445
-16.885726
-12.202757
 -7.813347
 -7.894181
-16.820377
 10.943545
 14.344049
 -0.981195
  1.159819
-23.515707
 -31.23806
-23.920049
  2.983451
 19.773421
 11.460717
 -7.068986
 -13.94113
-15.683925
-16.912615
 -7.889927
  3.601199
 -0.856795
 -0.054744
 -3.713238
 -8.705762
 -6.168232
  8.548624
  20.14509
  9.934387
-19.451336
-21.473566
-21.189198
-28.454284
-32.604423
-19.993523
 -5.434082
  0.895192
 -0.611398
 -7.553314
-22.073613
  -0.37519
  3.427446
  7.148397
  0.728247
-21.682373
-38.428269
-36.062955
-19.706433
 -8.082058
 -4.511544
  5.695924
  9.217596
  -4.73533
-51.695201
 11.896714
-26.194144
  0.204268
  1.530808
  6.300738
-12.432499
-20.771579
 -3.993353
  5.321872
 -14.02724
-11.598115
  6.316564
  0.127347
-23.878867
-38.772708
-16.073297
  1.355014
  6.901978
 17.295453
 20.844693
  6.148939
-14.522458
 -5.323636
  -1.40545
-11.500771
-13.615578
-12.867645
-16.666708
-33.218596
 -33.93828
-13.901477
   8.25847
 11.237783
-14.442304
  2.346303
 -9.667099
-18.700339
-14.564664
-13.344824
 -9.717812
-15.229211
-14.917442
-10.229879
-13.514834
-20.728694
-17.273734
 -2.968368
  4.333646
-20.077931
 -4.658239
-19.266011
-27.840281
 -3.611301
 14.864625
 11.766868
 -1.153076
 -9.809369
-13.615578
-28.255001
-27.572927
 -7.465333
  7.631533
 -8.959328
-19.058906
-17.185582
 -7.117998
 -0.944776
  12.09327
 23.377629
 20.182359
  1.637509
 -14.07455
-10.053915
-19.951318
 -27.92673
-18.340581
   1.65657
  1.601262
 -8.480446
-18.533053
-20.012412
 -3.296812
  8.314799
 -6.627203
  7.518875
-13.845659
-22.995302
-22.311185
-15.903114
 -5.386944
 -4.253895
 -5.385922
 -6.264213
-18.195418
-25.780779
-28.135028
 -4.852583
 -1.806561
 -8.389229
-13.484881
  -9.92577
 -6.886045
 -5.143928
  1.696222
  3.781077
 -4.325882
-10.777004
-15.692775
-26.337604
-33.181326
-25.768187
  -6.67145
    9.4892
  5.846873
  2.681044
  3.130825
 -5.188004
  1.726343
 13.157225
  3.517471
 -0.351706
 -3.375264
-16.335541
-25.518705
  -22.2506
  -5.34508
  7.397538
  0.116456
 -9.710154
-31.265628
 -1.116486
-10.253874
 -5.255395
 -4.320094
 -5.782778
 -4.637648
-10.508121
-15.117913
-16.482912
-17.413109
-11.188494
 -2.108968
 -6.578362
-17.118189
-27.901882
-29.724665
-19.186709
  -8.39876
  3.704667
  9.247377
  7.283348
 -1.427403
-18.000393
-15.332167
-12.112392
 -16.31801
-14.336454
-11.561014
-19.283539
-25.027229
-16.005564
   1.79952
  6.491338
  1.682437
 -0.191227
  4.524416
  1.397899
 -8.620843
 -8.877132
  1.869804
  3.818346
 -4.030621
  -7.44559
 -9.140226
-13.322532
-13.245611
  -7.55042
   -0.5566
-10.618226
 -0.911762
 -6.658517
-20.871473
-15.687841
 -7.698816
  2.956052
  5.457334
  1.750168
-12.962433
-27.773228
-29.706117
-18.421244
-10.561727
-11.928259
-15.865336
-15.282305
-11.531574
 -9.209831
 -5.556951
 -0.615311
  1.902478
  3.829918
 -6.931482
-17.299431
-27.067328
-28.570172
-21.587243
-11.058139
 -4.957583
 -6.629586
-10.545561
-13.180262
 -9.201831
-11.082134
  8.671493
  9.128933
  1.267202
 -5.164349
 -6.936417
-11.011849
 -9.735851
   2.53401
  9.980335
  2.425776
-10.418948
-12.474873
-13.249183
  -17.0508
 -13.80669
 -0.568342
 -0.723205
 -4.619609
 -5.285517
 -4.282656
 -7.334464
 -6.139811
 -2.721099
 -4.511886
-17.083645
 -24.33937
-22.871919
-20.303931
-19.901459
-14.157597
 -0.281251
  3.480372
 -1.227443
-23.555527
 -5.216254
 -7.819473
  -6.93948
 -2.494591
 -6.020006
 -18.63363
 -32.47781
-25.638853
-13.428552
-11.150205
 -9.816855
 -2.209372
 -1.013528
-11.555399
-21.469994
  1.226359
 -9.565672
 -7.577649
  8.911445
 12.450474
 -5.791287
-12.126687
  0.153895
 -0.312224
-11.299452
 -8.098054
  2.846117
 -3.934471
-20.224966
-21.459952
 -7.908817
  3.078581
  3.165202
  7.083048
  6.129028
-11.370414
-11.348803
 -7.259587
-16.125881
-17.831066
-14.074378
-12.212797
-18.028476
-21.852382
-13.789331
 -8.336136
 -2.515352
  4.046214
 -5.127251
 -3.154543
  -9.23757
-16.377575
-16.218289
-10.075187
-13.831024
 -16.74856
-14.966965
-12.123794
-18.025069
-23.398453
-16.238536
  1.850914
   0.05349
-19.978547
-10.196013
-10.925569
-12.354726
 -0.210287
 10.442199
 11.214639
  0.107096
-10.083865
-10.766962
-13.233698
-15.577052
 -8.398079
   1.65606
  1.087663
 -5.365671
 -8.964943
 -4.493847
  0.071869
 -4.062276
   7.14193
  3.563589
   -7.8741
-13.729427
-17.733215
-24.689086
-22.114626
-11.522554
 -3.516172
 -7.121232
-10.733437
-11.012702
 -9.302747
-15.288262
  7.456079
 -7.133994
 -6.042981
-13.896543
-16.762179
-19.571993
-14.528075
 -8.030834
 -8.382422
-14.871324
-15.819388
-19.255458
-22.323776
-18.809082
-12.799403
 -5.923515
 -4.061764
 -3.724299
 -5.482924
 -6.385379
 -6.281741
  -2.90319
 -0.506227
 -2.048043
 -6.160574
 -8.855689
-14.176317
-13.699475
 -9.859231
  0.363724
  6.704742
  5.170923
  1.760889
  -5.62281
 -3.099404
  3.128613
 -4.981919
 -6.904253
 -3.556674
-14.033196
-24.535923
-21.317853
 -9.989928
 -5.436125
 -6.475914
 -3.124591
 -3.132421
-22.365128
 -7.391303
  -3.62032
-13.879013
 -9.196044
  0.043449
 -2.201373
-12.679766
-17.511473
-16.259131
-21.328063
-22.174701
 -8.054149
 -6.071911
-19.724472
-27.570375
-20.279764
 -9.422382
  -5.99567
  -4.45862
 -0.849476
  0.131771
 -7.595008
-10.486509
-10.338964
-11.392369
 -9.317384
 -5.009997
 -3.468692
 -8.688915
-10.336412
 -4.423905
  1.778077
  5.333785
  6.314352
 -5.348823
 -0.267807
 -0.772045
-12.868324
-10.687147
 -3.851424
 -6.307097
 -8.214797
 -8.916613
-10.188186
-16.691384
-16.598637
 -6.991725
 -0.193268
 -4.828759
 -11.20313
 -7.408493
 -9.929345
 -14.40214
 -7.489667
  1.773652
 -0.852029
-10.918932
-18.912722
-19.663548
-21.406345
-20.925251
-15.124039
-10.416054
-15.597476
-16.461979
-11.359354
 -7.476563
-10.626565
-10.580277
  2.004925
 -1.522532
 -9.079643
-16.407016
-16.779534
-16.450752
-10.801339
  -1.21502
   3.22119
  0.736075
 -3.978887
 -4.859899
 -3.992842
 -3.278093
  0.383466
  3.742276
    0.5693
 -7.218572
 -8.387699
 -9.647529
 -8.832034
 -5.586903
 -4.674406
 -8.101799
 -9.945852
-11.703796
-11.874144
-11.133356
   -9.5621
 -3.651294
 -1.271179
 -4.059722
 -7.633127
-10.193292
 -7.490349
 -5.856465
 -8.011434
-11.564758
-16.081294
-20.735159
-22.955308
-21.291815
-17.636552
-10.795043
 -5.695987
 -5.667398
-10.683575
-21.140528
  -5.51747
-15.005256
-12.164639
 -6.780534
 -6.469959
-16.341664
-17.461609
 -9.361118
  -6.00469
 -8.799019
 -3.129697
  5.342634
   2.75354
 -4.632714
 -8.324052
 -6.078037
 -2.173805
 -1.085004
  1.130038
  1.645679
 -4.295248
-11.687797
-10.671662
 -9.373372
 -5.446847
 -4.471043
 -6.715866
-10.706039
-13.428721
-12.318478
 -7.038185
 -1.518278
  1.409131
 -0.615311
 -3.947233
 -9.346142
-12.466704
-13.550912
-15.618746
-15.049331
-12.419905
-11.622108
-15.293028
-16.845393
-16.689172
-12.945586
 -9.057349
-11.160415
 -7.637552
-12.596889
-15.927111
-18.038855
-14.610952
-12.065763
 -9.415235
  -8.72329
-10.976963
-12.144898
 -9.609071
 -5.763717
  -2.57985
 -0.389825
  1.107235
 -2.543432
 -9.020081
 -9.051734
 -3.448781
  2.106011
  1.224487
  0.181294
 -2.109648
 -9.522447
-15.127444
-13.753593
 -8.202035
 -6.978281
 -7.007722
 -3.746594
   -2.3319
 -4.548646
 -8.322861
 -9.290323
 -0.535838
 -1.493091
 -5.451611
  -6.69953
-10.618398
-18.760752
 -18.69404
-11.462822
 -8.192163
 -9.008851
-11.516769
-12.806551
-15.275157
-21.697181
 -7.047884
-10.593552
 -14.57079
-14.272638
-15.505581
-17.931473
-19.277583
-13.043779
 -8.452707
 -9.418979
 -8.598038
 -5.796562
-10.026856
-13.346867
-11.224911
 -3.019592
  1.553442
  -0.64305
 -1.925855
 -2.912379
 -5.543166
 -5.339123
 -1.389113
 -2.390272
 -6.525095
 -8.272147
 -8.118646
 -9.387667
-12.196462
 -7.327147
 -0.764898
  0.610994
 -2.961049
 -4.197226
 -7.031717
 -8.715461
 -5.577372
 -5.045566
 -2.834437
 -6.295524
-13.180601
-15.090685
-12.591616
-10.440389
 -8.105713
 -7.841255
  -7.28307
-11.635381
-19.706603
-14.114712
-14.076932
-18.645201
-14.548666
 -9.154012
-10.868047
-14.966965
-17.678076
-16.705505
 -15.52294
-10.834354
 -5.937981
 -6.125348
 -11.35646
-13.204088
 -7.631425
 -3.919665
 -0.731713
  0.156107
 -0.145278
 -4.589828
 -7.191344
 -6.612397
 -6.143045
 -8.094821
 -6.425712
 -2.425328
 -4.607186
  -9.69552
 -9.036079
 -5.776821
 -3.565864
 -1.784437
 -0.162807
 -1.373627
  -5.27939
-11.032101
 -9.815156
 -6.556579
 -6.947139
 -5.024803
  -4.07759
 -6.097438
-10.563428
-11.295027
-10.896129
 -11.24295
 -9.827239
-10.328924
-13.324914
-17.448678
-17.905777
-15.525831
-12.664962
-11.439847
-11.233591
-13.697604
-18.666984
-18.849416
 -14.74318
-11.383008
-10.967262
 -9.933939
   -6.6335
 -6.984748
 -8.102479
 -7.256693
 -4.814804
 -3.622874
 -2.318456
 -0.707719
 -3.025377
 -8.942479
-13.086834
 -8.768897
  -3.81943
 -1.963465
 -1.317297
 -1.946617
 -5.675396
 -8.261767
    -6.367
 -3.614536
 -3.293578
 -4.075548
 -4.653305
 -4.809868
 -6.869707
 -9.381881
 -5.381328
 -1.680117
 -3.897201
 -5.928792
 -7.774035
-10.283996
-13.192856
-14.122369
-10.436136
 -8.762771
-11.274264
-13.526916
-15.484988
-16.927759
-15.583181
-13.568951
-13.421745
-15.120974
-16.349833
-17.267606
-17.924325
-14.857199
-11.243292
 -7.644019
  -7.37888
   -5.0311
 -4.217477
 -8.220413
-12.409354
 -9.244717
  -3.00887
 -3.604835
 -7.757869
 -8.117285
 -5.598305
 -5.682883
 -6.902723
 -2.443027
 -0.498739
 -2.935013
 -6.315437
 -6.292121
 -6.602526
 -8.286952
 -6.503483
 -0.426073
  0.375978
  -2.44711
 -6.072082
 -7.115446
 -6.667536
 -5.218636
 -2.286122
   -2.5499
 -6.986279
 -11.06103
-11.580585
-13.198982
-12.274742
 -9.404173
 -7.137058
-10.490253
-14.080676
-15.444485
-15.331658
-19.010403
-20.961838
-15.692094
-12.157148
-13.932961
-15.706729
-13.442507
-12.198332
-12.141324
 -8.862496
 -5.069901
 -7.277284
-12.906445
-12.279167
 -7.819643
 -6.354067
 -6.930291
 -4.002371
 -1.555207
 -4.175443
 -8.801402
 -7.679417
 -5.178134
 -5.378094
 -3.820621
 -2.663919
 -5.523936
 -9.650422
 -9.684118
 -4.003393
 -1.216892
 -0.894404
 -1.144566
 -1.108828
 -4.218668
 -7.861337
 -6.905955
 -4.600379
 -5.513897
 -6.509099
 -6.114456
 -7.504302
 -9.820601
-10.886428
-10.255576
-10.587423
-12.381445
  -11.7283
-13.542062
 -18.02575
-21.981036
-17.977589
-12.268957
-10.504037
-11.895756
 -13.15797
-15.321958
-16.404971
-13.874591
-11.236654
 -9.294748
-10.181039
 -9.359417
 -8.501717
 -9.797968
 -9.419999
 -4.914528
 -3.382923
  -3.86759
 -4.408248
 -5.274965
 -7.697285
-11.328721
 -8.784214
 -4.608207
 -2.976366
 -4.272445
 -5.132526
 -4.637309
 -4.998085
  -3.37254
 -0.694274
 -0.388123
  -2.91221
  -5.47016
 -5.838766
 -5.270031
 -6.256725
 -5.257437
 -2.863196
 -3.024186
   -4.9535
 -8.854328
-12.965668
-13.920539
-11.139143
-10.343559
-11.373479
-13.735553
-15.294558
-16.359875
-17.247185
-15.806115
-12.647604
-11.706008
 -12.80587
-13.319467
-15.418449
-16.866495
-16.378595
-12.368681
   -8.7141
  -8.36915
 -7.659165
 -7.031547
  -7.04329
 -8.429902
 -7.207852
 -4.867558
  -5.28773
 -7.405769
-10.326372
   -9.9159
 -7.981992
 -5.442932
 -3.529956
 -2.915612
 -5.162307
 -5.153117
 -3.258521
 -3.747784
 -4.996043
 -3.712558
 -1.158521
 -0.701081
 -2.526924
 -4.674406
 -5.855956
 -5.461821
 -4.271255
 -3.021974
 -4.193652
 -7.492389
-10.461663
-12.346559
-13.234721
-11.812367
-10.553899
-10.791638
-11.596581
-13.729088
-15.555272
-15.474096
 -15.44023
 -14.42869
-14.557515
-16.234115
-15.625383
 -14.60942
-14.262427
-13.438424
-10.314799
 -4.979536
 -4.244706
  -7.19662
-10.542328
-11.816792
-10.639668
 -8.439433
 -6.257575
 -6.715526
 -7.963103
 -8.058062
  -7.61611
 -8.003945
 -7.908476
  -5.95602
 -2.925824
 -2.249704
  -4.04832
 -4.707421
 -5.168435
 -4.272275
 -2.233367
 -0.283804
 -0.541624
 -3.177687
 -3.757145
 -4.085079
 -5.640679
 -7.004489
 -6.440347
 -5.744487
 -7.494261
-10.455876
-10.584702
 -9.837787
 -9.260204
 -9.308876
 -9.875228
-11.740552
-15.771397
-16.912955
-18.252257
-18.118667
-16.441389
-13.422084
-12.509078
-12.859988
-13.572693
-12.671769
-10.632012
 -9.413534
 -7.671758
 -7.573054
   -9.4297
-10.769516
-11.120253
-10.808657
 -9.860763
 -7.901329
 -6.837033
 -6.954796
 -7.695074
 -8.471427
  -8.78966
 -7.191004
 -4.727842
  -3.38922
 -3.208319
 -3.660483
  -4.07606
 -3.478903
 -1.717046
 -0.464534
 -0.484104
 -2.237282
 -3.853467
  -7.10983
 -8.470235
 -7.018273
 -4.717461
 -3.317404
 -4.244706
 -5.950914
 -8.265511
 -9.876929
-11.360885
-11.184241
 -10.27787
-11.218787
-14.121349
-16.480532
-17.772015
-17.709218
-16.427096
-14.578278
 -12.06236
-10.931015
-11.233761
-12.435732
-12.658325
-12.824249
 -10.43137
 -9.038801
 -9.205064
 -9.521427
-10.589808
-10.969303
-10.523266
 -9.400601
 -7.950169
 -7.425509
 -8.844288
-11.053203
-10.368744
 -7.590923
 -4.480232
  -2.83648
 -0.885044
 -1.210426
 -2.907785
 -3.655378
 -3.744891
 -3.770759
 -3.644997
 -3.166627
  -2.23507
  -3.77127
 -5.286878
 -5.781756
 -5.045394
 -2.475021
 -2.609461
 -2.753263
 -5.829918
 -8.355535
-10.580616
-12.964306
 -12.28104
-12.667175
-13.431617
-14.278253
-15.653975
-16.256575
 -15.80186
 -13.59822
-12.187953
-10.807295
-12.731332
-12.880748
-13.902328
-14.377127
-12.324264
 -9.632894
 -7.943023
 -8.824206
-11.226273
-12.697636
 -12.49938
-12.491381
-11.180155
 -8.861816
 -8.540009
 -8.457471
 -7.951701
 -6.841458
 -5.160094
 -4.655857
 -2.553303
 -0.827864
 -1.798392
 -4.676278
 -5.904796
 -4.844244
 -3.556334
 -2.358449
 -1.183537
 -0.490401
 -3.131739
  -4.09784
 -2.365936
  -1.73917
 -2.763132
 -3.769058
 -5.186813
 -7.020315
-11.438657
-13.139078
-12.037173
-11.179985
-11.620066
-11.609856
-12.438625
-15.469501
-16.994981
-16.818673
-13.490668
-11.635211
-10.968794
-11.518982
-13.174136
-13.883438
-12.995448
-10.976282
-10.867878
-12.221477
-12.945417
-12.788171
-13.336146
-12.967197
-12.232198
-10.362107
 -9.445529
 -7.390282
 -5.556441
 -5.829236
 -7.046353
 -6.815591
 -4.388847
 -3.267712
 -4.519374
 -5.505898
 -5.872121
 -5.884545
 -4.216967
 -2.291227
   0.22588
  1.142802
 -0.311373
 -2.446431
 -3.115572
 -3.035928
 -3.664908
 -4.406715
  -4.64956
 -4.921335
 -7.857933
-10.503696
-11.424701
-11.401558
-11.908859
 -12.94848
-13.082411
-13.351631
 -14.29408
-14.444686
-13.996948
-12.046704
-11.686435
-11.429809
 -11.32821
-11.923495
-12.949161
-14.649412
-13.598561
-12.897256
-13.673439
-13.986058
-13.591073
-13.290539
-11.780544
 -9.655017
 -7.420064
 -6.911061
 -6.399505
 -6.381805
 -8.199822
 -9.539638
 -8.828631
 -5.958232
 -4.053766
 -4.540815
 -4.197226
 -4.131877
  -3.39858
 -2.039364
 -1.496495
 -0.237516
 -0.138642
 -0.732735
 -1.104234
 -2.122752
 -4.196886
 -4.502355
 -4.225134
 -5.394261
 -6.778321
  -8.93227
  -9.66761
-11.890991
-12.961924
-12.258406
-11.993609
-11.506558
-11.687286
-12.621905
  -12.1774
-12.307927
-11.990715
-10.979515
  -11.2033
-13.076452
-14.889363
-15.338293
-15.536554
-15.544381
-14.722928
-11.859847
-11.355099
-11.931323
-11.056096
-10.167425
 -9.620981
 -8.713079
 -7.763654
 -8.986217
-10.694126
-10.120966
 -7.477754
 -6.413289
 -6.333986
 -5.161286
 -3.983312
 -3.313488
 -2.163084
 -2.429413
 -3.384114
 -1.466373
   1.08409
  1.909626
 -0.615482
 -3.063497
 -3.548337
 -4.548985
 -4.735671
  -4.72563
 -5.190557
 -7.194918
 -9.909944
 -12.07121
-12.246663
-11.965869
-10.974581
 -9.421192
 -8.895681
-10.010349
-12.079038
-12.397271
-12.805698
-13.524704
-13.803626
-13.705773
-14.022815
-15.037076
-15.673544
-14.984323
-14.113522
-12.572726
-12.093505
-10.655836
-10.515778
-11.833641
-12.704954
-11.715367
-10.035025
 -9.509175
 -9.561588
  -9.98227
 -9.043226
 -8.474319
 -6.993938
 -5.539762
 -3.043247
 -1.610005
  -3.54204
 -3.644826
 -2.739138
 -0.797913
  0.646221
  0.557557
  0.913571
  0.108287
 -1.900669
 -4.001181
 -5.629788
 -6.673662
 -6.967389
  -7.18743
 -7.765356
 -8.260066
 -9.900243
-10.006265
 -8.892788
 -7.728088
 -8.316904
 -9.683267
 -11.28941
-12.692702
-14.315693
-15.785694
-14.444686
 -12.84467
-13.617962
-14.930717
-15.094087
-14.045279
-14.273828
-13.574566
-11.610876
-10.543007
-12.306906
-13.037822
-13.046502
-13.377158
-12.708528
-11.371606
 -9.154012
 -9.232634
 -9.921176
-10.000309
 -8.490485
 -5.864464
 -5.134909
 -4.039981
 -3.171901
 -2.894681
  -0.99515
  0.362194
  0.244089
  -0.20416
 -0.333326
 -0.879598
 -2.423627
 -4.703507
 -5.039269
 -5.619747
 -6.556579
 -5.904796
 -4.052574
 -4.759835
 -7.689967
 -9.071646
 -8.287974
 -7.936216
  -8.85722
 -9.242334
-10.183252
-12.833099
-15.882016
 -15.51528
-13.506153
-13.251226
-13.488456
-13.061818
-12.673471
-14.178357
 -15.05954
-13.972613
-12.585318
-12.722824
-11.935067
-11.890991
-12.685553
-14.193503
-13.667994
-12.257044
 -11.66976
-11.592498
-10.398015
 -9.772099
 -8.740649
 -7.633809
  -5.41315
 -3.040353
 -2.408821
 -1.025782
 -0.452621
   -1.3578
 -1.097596
 -1.631446
 -2.290887
 -2.492209
 -2.072378
 -2.768239
 -4.682235
 -5.623661
 -4.644625
 -3.265159
 -3.840872
 -3.687882
 -4.815653
 -6.745816
 -8.368638
 -9.022465
 -8.616248
 -9.354141
-10.992959
-12.282911
-12.609483
-13.859615
-13.877142
-13.673778
-12.301972
-12.959712
-14.137345
-14.631373
-13.636341
-12.916145
-12.954097
-12.831056
-11.970975
-12.121412
 -13.94964
 -14.43754
-15.448231
-15.366886
-13.957296
-11.114978
 -9.796434
 -9.927813
 -8.279635
 -6.301992
 -6.435753
 -5.711472
 -2.539859
 -0.920101
 -1.334315
 -1.624299
 -2.535773
 -3.967655
 -4.828077
 -2.429072
  -1.24412
 -2.178741
 -4.015305
 -2.382614
 -1.092151
 -2.783384
 -3.776545
 -3.586456
 -4.682745
 -6.999893
 -7.776247
 -7.218914
 -8.054319
-10.220009
-10.693446
-10.371468
-10.894767
-12.259426
-13.184687
-13.143163
 -14.28387
  -14.0172
-11.944425
-10.867708
-12.323244
-14.078124
-13.060626
-13.710707
 -14.17938
-13.668675
 -14.03728
-15.666739
-16.459769
-15.233124
-13.835789
-13.488795
-12.146597
  -8.36081
 -6.418735
 -7.400665
 -7.221976
 -5.209617
 -4.538944
 -4.097671
 -2.540708
 -3.026399
 -4.390038
 -5.166052
 -3.131568
 -1.703942
 -2.140791
 -2.782534
 -1.283431
 -0.783788
 -2.904551
 -4.063635
 -2.914081
 -2.666643
  -4.01905
 -4.927632
 -4.744179
 -6.775768
 -9.812091
 -9.568226
 -9.692966
-10.765772
  -10.7656
-10.703997
-11.828024
-13.622046
-13.496113
-11.586713
-11.233931
-11.594541
-12.071719
-11.513534
-13.689435
-15.786203
-16.071594
-15.308172
-15.499453
 -16.37315
 -15.41811
-15.787565
-15.535701
-12.745968
-10.313437
 -8.525033
 -7.947957
  -8.46445
  -8.08393
 -7.124805
 -6.207203
 -5.330955
 -4.794892
 -3.903839
  -3.05567
 -3.639553
 -4.083377
 -3.653847
 -2.839543
 -1.964826
 -2.081569
 -0.559663
 -0.116688
 -1.985077
 -3.730767
 -3.494389
 -3.173943
 -3.425978
 -4.768856
 -6.129771
 -7.545995
 -9.933089
-10.085399
 -9.429872
 -9.927302
-10.723567
-11.389987
-10.369936
-10.533139
-10.978834
 -11.29928
-10.797936
-11.965188
-13.986397
-15.298813
 -17.13793
-17.121933
-16.475428
 -14.73433
 -15.01019
-15.550675
-14.971899
-14.069274
-13.192005
-11.838066
 -10.13543
 -9.550017
 -9.560907
 -8.978046
   -7.8644
 -7.274392
 -7.598582
 -6.155468
 -4.626077
 -3.858231
 -3.857209
 -3.569948
 -3.062307
 -3.584925
 -3.617258
 -0.908699
  1.278604
 -0.094225
 -2.179932
 -2.777428
 -2.421415
 -2.981812
 -3.599049
 -3.545783
 -6.174189
 -9.170689
 -8.915081
 -8.352982
 -9.197406
 -9.764952
 -8.502738
 -7.097746
 -8.520608
-10.276508
-10.483955
-10.749945
-12.386039
-13.688924
-13.650124
 -14.77943
-15.999777
-16.746522
-15.218827
-15.654315
-16.569022
-15.192282
-13.887694
-13.935685
-13.817069
  -12.2533
 -11.62347
-11.776631
-10.537903
 -8.379191
 -8.916953
 -9.709815
 -9.003573
 -6.611887
 -6.070039
  -5.28773
 -4.377615
 -4.755922
 -5.184431
  -3.83917
 -0.647645
 -0.145449
 -0.151235
 -0.016624
  0.036813
 -1.916326
  -3.58952
 -4.264448
 -3.955573
 -4.697211
 -5.861911
 -5.697518
 -6.337901
 -6.962795
 -7.761442
 -7.574756
 -7.716344
  -7.56931
 -7.286134
 -8.149278
-10.451621
-11.654954
-12.228115
-13.297346
-14.004095
-13.965806
-13.752061
-14.710337
-15.528211
-15.852401
-15.840151
-16.137791
-15.387135
-13.126314
-13.043098
-13.915772
-13.255312
-11.480689
-10.146832
-10.443285
-10.328071
 -9.121167
 -9.642423
 -9.702327
 -8.144004
 -6.698168
 -6.021538
 -4.402971
 -3.215296
 -2.664769
 -1.645401
 -1.161413
 -0.485805
  -1.31951
 -1.865271
 -2.314203
 -3.234698
 -2.982664
 -3.612664
 -5.097639
 -5.173879
 -4.167784
 -4.088993
 -4.664876
  -6.62397
 -7.070518
  -6.71161
 -6.758411
 -7.564715
 -8.262958
 -9.886629
-10.391889
-11.781906
-13.984524
-13.671399
-11.883162
-12.769962
-14.389549
-15.338977
-17.107127
-16.257939
-15.142929
-13.946575
-13.284922
 -13.45561
-13.471776
-12.870027
-12.856244
-13.050416
-12.715675
-12.016923
-10.704336
-10.628777
-10.031621
 -8.536944
 -7.751401
 -5.458079
 -4.402121
 -3.356373
 -2.497654
 -2.393165
 -2.824566
 -2.949477
 -2.485401
 -2.833586
 -2.638903
 -1.496495
 -2.121049
 -3.267541
 -3.707454
 -3.229931
 -3.446909
 -3.518724
 -3.757995
 -4.941756
 -6.776279
 -7.016741
 -6.400526
   -6.2038
 -7.235251
 -8.330178
 -9.560057
-12.035132
-13.241356
-12.545496
-12.496826
-13.815539
-14.970028
-14.671704
 -15.25048
-15.464397
-14.522288
-13.777758
-13.715983
-14.021795
-13.580862
-14.510207
-15.307323
-15.099363
-14.977346
-13.376647
-11.436616
 -9.305641
 -9.128485
-10.108883
 -8.241005
 -6.584998
 -5.998224
 -4.494529
 -3.308554
 -4.158425
 -4.070954
 -3.815856
 -3.654526
 -3.142461
 -1.983035
 -0.422499
 -1.111552
 -2.643668
 -3.297151
    -3.629
 -3.299535
 -3.186367
 -3.717153
 -4.219009
 -4.627267
 -4.575873
 -5.237016
 -5.702624
 -6.742754
 -7.767739
 -8.799871
-11.099832
-11.912772
-12.211607
-12.394208
-12.674493
-12.988302
-13.271308
-14.020602
-14.730927
-14.012945
-13.547846
-14.299355
-15.074347
-14.902127
-15.064479
-16.848458
-16.767112
-14.722928
-12.954436
-12.132132
-10.680682
 -9.923728
-10.167425
 -9.510706
 -8.249173
 -6.713143
 -6.420948
 -6.249747
 -4.463725
 -4.039981
 -4.121156
 -3.443506
  -2.50412
  -1.12959
 -1.942363
  -2.79938
 -2.778449
 -3.230783
 -2.959518
 -1.638934
 -2.600783
 -2.763472
 -3.181431
 -2.871027
 -3.882907
 -5.319723
  -5.66144
 -6.306077
 -7.775226
 -9.035907
-10.139855
-10.676429
-11.015593
-11.478477
-11.810838
-12.531203
-12.308268
-12.234922
 -13.51296
-14.212225
-15.360079
-16.045044
-15.902774
-15.436828
-16.443434
-15.837088
-15.165562
-14.126624
-13.041566
-13.336825
-12.784598
-11.726599
-10.526162
 -9.735512
  -9.13274
 -9.160308
 -7.982844
  -6.37738
 -5.297429
 -4.862112
 -4.256618
 -3.343272
 -2.579338
  -3.19913
  -3.03644
 -2.347046
 -2.357428
 -1.975548
 -1.690158
 -1.178432
 -2.430944
   -2.2834
 -2.041406
  -1.52968
 -3.657761
  -4.73601
 -5.394261
 -5.767121
 -6.419926
 -8.975494
  -9.07539
 -8.400122
  -9.04697
-10.056297
-10.448219
-11.374499
-12.061849
 -12.68147
-14.302249
-14.802575
-15.514257
-15.629469
-15.377267
-15.582328
-15.015635
 -15.08473
-15.183432
-15.208959
-14.624908
-14.920505
-13.934153
-12.426882
-10.589636
-10.609548
-11.152246
 -9.516832
 -8.682107
 -8.247302
 -6.449367
 -4.526691
 -4.332178
 -5.149204
 -4.272445
  -3.48554
 -3.804794
 -3.318766
 -1.899307
 -0.617354
 -0.551324
 -1.458205
 -1.366309
 -1.836171
 -2.649964
 -3.195385
 -3.172752
 -3.621343
 -4.231262
 -4.806464
 -6.295185
 -7.115104
 -6.524074
 -7.101319
 -7.687245
 -8.752901
-10.453153
-12.052149
-12.135026
-12.565408
-12.628373
-14.202523
-14.076082
-14.098546
-15.579265
-15.607857
-15.423894
-15.028401
-14.843757
-14.691786
-15.034696
-15.327575
-14.377638
 -13.57916
-12.610164
-11.650018
-11.040778
-10.935609
  -9.82128
 -9.299684
 -7.878865
  -7.12021
 -6.459407
 -5.622981
  -4.65841
 -4.086439
 -4.161829
 -3.357396
 -2.033067
 -0.287208
 -1.298407
 -2.822184
 -3.177347
 -2.602144
 -2.812824
 -2.570661
 -2.233027
 -2.399972
 -3.502387
 -4.842883
 -5.302024
  -6.15683
 -6.372106
 -6.564918
 -6.573427
 -7.966506
 -9.887482
-10.570235
-11.133186
-11.387774
-12.288358
-12.660368
-12.665304
 -14.00852
-14.870646
-14.616567
 -15.05716
-15.247761
-14.670514
-14.632226
-15.346804
-15.490603
-13.969209
-13.050758
-13.360481
-12.716867
-12.152384
-11.378583
-11.840448
-10.408057
 -9.299173
 -7.956467
 -6.971644
 -5.173879
  -4.58319
 -5.703475
 -5.410429
 -2.963773
 -1.613578
 -2.613375
 -3.012444
 -1.790734
 -2.776067
 -3.384284
 -2.499016
 -1.580223
 -2.466171
  -3.37067
 -3.013124
 -3.029632
 -5.294876
 -5.558143
 -5.099852
 -5.487518
 -7.608963
 -7.640446
  -7.75855
 -9.204385
-11.699201
-11.341996
-10.712677
 -11.76693
-13.513302
-13.867784
-13.603495
-14.913187
-14.587298
-14.517184
 -14.77296
-15.507964
 -15.83181
-14.214266
-14.138026
-15.356676
-14.746071
-13.584947
-13.387879
-12.651518
-11.801477
-10.613122
  -9.97223
  -8.52333
 -6.882301
 -5.599666
 -6.369552
 -6.340453
 -3.631213
 -4.223262
 -3.564334
 -3.113529
 -2.486764
 -3.163221
 -2.587678
 -1.801795
 -1.579542
 -2.115604
 -1.830385
 -1.617151
 -2.986407
 -3.954722
 -4.453855
 -4.723587
 -5.439018
  -6.12756
 -5.265606
 -6.064083
 -7.180623
 -8.935672
 -9.810048
-10.150406
 -11.27937
-12.074102
-12.324945
-12.027814
-12.472149
-12.979961
-14.068424
-14.817888
-15.521747
-15.221039
 -14.31263
 -15.28026
-15.785353
-15.238911
-14.767515
-14.986536
-14.462556
-12.567448
-11.975058
-11.281583
 -9.957763
 -8.633777
 -8.537286
 -7.685712
 -6.935737
 -6.221158
  -5.82294
 -4.546773
 -3.696732
 -3.846319
 -4.122687
 -3.447079
 -2.392823
 -1.478796
 -2.421245
 -2.532882
 -1.600474
 -2.358108
 -3.425808
 -3.011423
 -2.610993
 -4.127963
 -4.657047
 -5.014252
   -5.0602
 -6.307608
 -7.411897
  -6.91021
  -8.00752
 -9.101257
-11.247886
-10.611421
 -10.15415
-11.183899
-11.983569
-12.247174
-14.010563
-14.019073
-14.892596
-14.794915
-15.292687
-16.050998
-15.399048
  -15.6002
-15.365013
-14.696722
-14.265318
-13.056882
-12.076314
-11.150375
-10.761858
-10.770708
 -9.532659
 -8.824206
 -8.583233
 -7.923111
 -6.150022
 -5.345761
 -5.543848
 -4.646837
 -3.800711
  -3.09379
  -2.56896
 -2.180952
 -1.735766
 -1.768099
 -2.022346
 -2.885321
  -2.27404
 -2.984535
 -3.445888
 -3.453886
 -3.638359
  -4.86909
 -5.486838
 -5.294365
 -5.278199
 -6.812528
 -7.931791
 -8.307374
 -9.392941
 -9.887652
-10.059702
 -9.828259
 -10.65958
-11.713324
-12.836843
-13.745765
-14.877283
-15.660273
-15.018698
-14.428351
-15.415897
-15.573652
-14.214266
-15.006787
-15.224957
 -14.29306
-12.755497
-12.716525
-12.318819
-10.469832
 -9.770739
-11.226273
-10.129474
  -7.60624
 -7.084813
 -7.386539
 -5.837916
 -4.292866
 -4.651432
 -4.450962
 -3.319615
 -1.537678
 -2.646561
 -3.004274
 -1.992396
  -2.37002
 -2.578489
 -3.651294
 -2.825929
 -3.145182
 -4.152298
 -4.505248
 -5.024293
 -4.724609
 -5.658548
 -5.648167
 -5.894415
 -6.361214
 -7.981483
 -8.863348
 -8.822334
 -9.245228
-10.460982
-11.611046
-12.439306
-13.381072
-13.627151
-14.602104
-14.523822
-15.520044
-15.867719
 -14.27536
-14.559389
 -15.44142
-15.436995
  -14.7231
-13.753253
-13.795627
-12.406972
-11.471841
-12.285293
-11.578033
-10.405675
   -9.5621
 -8.789149
 -7.811814
 -5.611068
 -5.281432
 -5.480711
 -4.145832
  -2.56011
 -3.504429
 -3.219551
  -2.23609
  -1.63485
 -2.647071
 -3.479754
 -2.389761
 -2.702379
 -3.652485
 -4.024665
 -3.307704
 -3.743189
 -4.512567
 -4.551538
 -4.518181
 -5.371798
   -6.8726
 -6.787511
  -6.77662
 -7.851807
-10.193122
-10.035706
-10.213371
-12.274914
-13.059777
  -13.4922
-13.453059
 -14.80819
-15.241974
-13.683309
-15.269881
-15.816497
-15.209131
-14.687872
-15.704007
-15.627937
-13.360481
-12.950011
-13.726025
-13.328316
-11.301662
-11.118891
-11.116849
 -9.491986
 -8.186888
 -7.075453
 -6.472171
 -5.205363
 -4.031983
 -4.652452
 -4.089843
 -2.789851
 -3.111999
 -3.056861
 -3.154882
 -2.838351
 -3.002233
 -3.869463
 -4.021091
 -2.923272
 -2.650304
 -2.595677
 -2.975175
 -3.270435
 -3.600921
 -4.637987
 -5.046246
  -5.50811
 -6.312543
 -7.521321
 -7.803816
 -9.034376
-11.021891
-11.427936
-11.344378
-11.621939
-13.103511
-13.654889
-13.647912
-13.785927
-14.878643
   -15.106
-15.509665
-15.884907
-15.875039
-14.919655
-14.834226
 -14.47634
-14.693827
-13.539338
 -12.52014
-12.558601
-11.841299
-10.587595
 -8.890235
  -7.35029
 -7.252099
 -6.901702
 -5.476797
 -5.449059
 -4.977494
  -4.17187
 -4.678661
 -3.484519
 -2.945564
 -3.119486
 -4.354981
   -3.8099
 -3.047841
 -2.946415
 -2.843799
 -2.027112
 -2.171252
  -3.07711
 -3.447761
 -3.870312
  -4.58319
 -5.172008
 -5.242971
 -5.882332
 -7.248355
 -8.600762
 -9.834046
 -9.931216
-10.303736
-11.553187
-11.910732
-12.064912
-12.218926
-13.177708
-14.259022
-15.087621
-15.752338
-15.822281
-15.839126
-15.328935
-15.774802
-15.892056
-15.137483
-14.020433
-13.282879
-12.265722
-11.214702
-10.387806
 -9.464758
 -8.701847
 -7.567438
 -7.303832
  -6.90136
 -6.111563
 -6.324626
 -5.276498
 -5.221529
 -4.036917
 -3.495921
 -3.702006
 -3.177347
 -2.480297
 -2.871536
 -2.659153
  -2.15049
 -1.671098
 -2.326284
  -2.65592
 -2.938756
 -3.535062
 -4.186164
 -4.778556
 -4.619439
 -5.600006
 -6.456003
 -7.836151
 -8.313672
  -9.08441
 -9.210511
 -9.856338
-10.690722
 -10.65941
-12.222498
-12.246154
-14.265659
-14.767515
-15.244356
-15.926091
-15.500982
-16.274444
-16.955157
-16.394422
-15.373688
-14.851923
-13.899606
-12.410716
-11.494475
 -11.23087
 -9.956403
 -9.212554
 -8.872707
 -8.927164
 -7.968719
 -6.645752
 -7.035972
 -6.666684
 -5.958912
 -5.208595
 -4.353619
 -3.871504
 -3.721578
 -3.090215
 -2.738627
 -2.096374
 -1.858124
 -2.361171
 -1.856252
 -1.744615
 -2.569979
  -3.68533
 -4.484317
  -3.69571
  -4.13273
 -5.474925
  -5.98461
 -6.546199
 -7.667844
 -8.536265
 -7.883801
 -8.739627
-10.150406
-11.194961
-10.468301
-11.672312
-14.579468
-15.259163
 -14.95012
-15.878272
-16.740563
-16.884534
-16.372639
 -16.39527
-15.882695
-14.289994
-13.837832
-13.286793
-12.420586
 -10.99262
-11.193088
-11.029207
 -10.12675
 -9.524151
 -8.854498
 -8.649432
 -8.038833
  -7.37684
 -6.802146
 -4.991449
 -4.064658
 -4.726651
 -4.166083
 -3.118126
 -2.424477
 -2.949817
 -3.411683
 -2.259745
 -1.149161
 -1.972654
 -3.304129
 -3.044268
 -2.630564
 -3.913028
 -4.190248
 -4.257129
 -4.597485
 -6.066975
 -5.973718
 -5.990396
 -7.250567
 -8.395697
 -8.697764
 -9.374223
-11.047416
-12.078357
-12.684703
-14.100928
-15.473415
-16.149193
-16.235305
-16.604933
-16.631989
-15.710814
-15.668951
-15.081495
-14.478724
-13.317768
-12.316265
-12.688616
-12.115797
-11.587053
-10.927952
-10.464724
-10.395291
 -9.461525
 -8.815017
 -7.853168
 -6.985428
 -6.694764
  -5.86123
 -4.843053
  -4.57332
 -3.836958
 -3.739277
  -2.76058
 -1.833278
 -2.645709
   -2.2172
 -2.167338
 -2.955434
 -3.396537
 -3.106894
  -2.70408
 -3.365223
 -3.753911
 -3.804453
 -3.529786
 -4.479041
 -5.539083
  -5.82294
 -6.613249
 -7.449676
 -8.626798
-10.363129
-11.783949
-12.722993
-13.803115
-14.176145
-15.309536
-15.787395
-15.565651
-15.142589
-14.884767
-14.980918
-14.520245
 -14.31297
-14.275699
-13.976355
 -13.02455
-12.799063
-12.850455
-11.944767
-11.240568
-10.576872
-10.757091
 -9.895309
 -8.335284
  -8.21735
 -7.174156
 -5.910241
 -5.505557
 -4.983451
 -4.605314
 -3.509194
 -2.924291
 -3.702006
  -3.06588
 -1.904072
 -2.758878
 -3.798499
  -3.05516
 -2.041746
 -2.023538
 -2.872556
 -2.431455
 -2.332411
 -2.848393
 -3.179899
 -3.441635
 -5.028548
 -6.629926
 -7.097916
 -7.785948
 -9.502877
-11.509621
-11.456356
-11.827004
-13.864209
-14.343431
-14.588318
-14.615205
-15.044397
 -15.47784
-15.243503
-15.106681
-15.201641
-14.168659
-14.057192
-13.525213
-14.363171
-13.204257
-11.991905
-12.694573
-13.227914
-12.131623
-10.397676
 -9.500155
 -8.602294
 -7.337188
  -6.88196
 -6.877706
 -5.590137
 -4.830971
 -4.420671
 -4.558345
 -3.626447
 -3.173943
 -3.708133
 -3.998287
 -3.534892
 -2.586317
  -2.13024
 -1.477605
 -1.871057
 -1.345376
 -1.637573
 -2.087524
 -1.690328
 -3.272646
 -4.526521
 -5.318702
 -6.365299
 -7.441507
 -9.356014
  -9.30598
 -9.648549
-11.796882
 -13.23608
-13.177708
-13.364736
-14.170019
 -14.85873
 -14.12305
-14.267191
-15.117571
-14.897021
-14.869284
-14.547648
-14.842053
-13.644849
-13.717684
-13.947598
-13.816048
-13.198982
 -12.16838
-11.036865
-10.356492
 -8.991832
 -8.232666
 -8.053808
 -7.213468
 -6.843329
 -6.730501
 -5.716918
 -5.455524
 -4.555792
 -5.053905
 -4.906359
 -3.800711
 -2.900468
 -2.864729
 -2.243749
 -1.519469
 -0.764727
 -1.533083
 -1.106787
  -1.06186
 -1.947468
 -2.924973
 -3.089195
 -4.086269
 -5.970825
 -7.379392
 -7.338209
 -8.971239
-10.553049
-10.523949
-10.848307
-12.175529
-13.200172
-12.936397
 -12.93078
-14.164234
-14.471917
-13.898926
-15.417087
-16.203652
-15.112298
-14.722761
-14.633586
-15.385262
-14.233325
-13.200683
-13.356056
-13.313173
-11.437634
-10.258808
-10.084718
 -9.141758
 -8.676321
 -9.024847
 -8.553452
 -7.994586
 -6.618524
  -6.94833
 -6.119051
 -4.824164
 -4.345281
 -4.332859
 -4.524139
 -2.906083
 -2.014518
 -1.516746
 -1.092832
 -0.760984
 -1.170433
 -1.188642
 -1.023399
  -1.86408
 -3.167987
 -4.232794
 -4.132899
 -5.632341
 -7.689116
  -8.40829
 -8.294611
 -9.430892
-11.065794
-11.360204
-11.720642
-11.971314
-13.055861
-13.764994
-13.366779
-14.228731
-15.728684
-15.194664
-15.052224
-15.293028
-15.435296
-14.350407
-13.991501
-14.158789
-14.040684
-12.560813
-11.408874
-11.443762
-10.445497
-10.810016
 -9.945683
 -9.829451
 -9.443825
 -8.771961
 -7.977058
 -7.251758
 -6.878047
 -5.675566
 -5.598645
 -4.692955
 -3.864697
 -3.235547
 -2.629882
 -2.288676
 -1.200215
   -0.6907
 -0.635903
 -0.874493
 -0.900871
 -1.355757
 -2.100628
 -3.368457
 -4.301375
 -5.509472
 -6.353045
 -6.336028
 -7.593817
 -8.699634
 -9.132059
 -9.211192
-10.260512
-11.562546
-12.193568
-12.553836
-13.433146
-14.399763
-15.389008
-15.174412
-14.939906
-15.031122
-14.660135
-14.391252
-13.751041
-13.724321
-13.831705
-12.956137
-12.423649
-12.185399
-11.121785
-11.036014
-11.278348
-10.920292
-10.608867
 -9.268882
 -9.036758
 -8.700656
 -7.618323
 -6.760963
 -5.312575
  -5.46965
  -4.32367
  -3.40947
 -2.288164
 -2.319138
 -1.611706
 -0.498399
 -1.212977
 -1.420596
 -1.345887
 -1.581244
 -2.510757
 -3.947743
 -3.226868
  -3.07711
 -4.663174
 -5.808305
 -5.246887
 -7.248183
 -7.961572
 -9.471054
 -9.762229
-10.753178
-11.666695
-12.057936
-12.756859
-14.176486
-14.607889
-14.245919
-14.070976
-14.139388
-14.646349
-14.409972
-13.898075
-14.373381
-14.325561
-13.547507
 -12.01301
-12.915634
-12.675341
 -12.10014
-11.704986
-12.005861
-11.148502
-10.606824
-10.771217
 -9.700965
 -8.529116
 -7.225379
 -7.091109
 -6.212138
 -4.502526
 -3.930727
  -3.69588
 -2.554153
  -1.89233
 -1.143035
 -1.566098
 -1.499729
 -1.305044
 -1.906115
 -1.986609
 -1.996309
 -1.781544
 -3.543741
 -3.810071
 -4.030962
 -4.676278
 -6.529351
 -8.111499
 -7.660695
 -8.485551
-11.093536
-10.716079
-11.137609
-12.463641
-13.860635
-13.343973
-13.094152
-13.429914
-14.358576
-13.373244
 -13.22519
-15.358206
-14.800188
-13.703731
-12.720781
  -13.5407
-13.725002
-12.592978
-12.684703
-13.049566
-13.440976
-12.532053
-11.617172
-11.543656
-10.571769
 -9.407236
 -8.426668
  -7.04329
 -6.619374
 -5.126741
 -5.226465
 -4.278231
 -3.216999
 -2.615587
 -2.707655
 -2.599081
 -2.308075
 -1.283602
 -1.365798
 -1.389283
 -1.487475
  -2.08361
 -1.806049
 -1.737298
 -2.937565
 -4.829438
 -5.598984
 -6.486125
 -7.679586
 -8.869983
 -9.598008
 -9.503899
-10.213032
-11.351185
-12.374298
-12.704613
-12.688786
 -13.64655
-12.661899
-13.857572
-13.933812
-14.120498
-13.469905
-13.376308
-13.834257
-14.310248
-13.668164
-13.822516
-13.505644
-13.748317
-13.827961
-12.635521
-12.756348
-11.189175
-11.290772
-10.481743
 -9.030804
 -7.916815
 -7.260778
 -7.156968
 -6.052341
 -5.397834
 -4.275508
 -3.760548
 -3.022484
 -3.315361
 -2.020475
 -1.206511
 -0.510652
 -1.503132
 -1.323935
  -1.32053
 -1.767419
 -2.151852
 -3.112849
 -3.840192
 -5.364649
 -5.482924
 -6.639116
 -7.230485
  -8.02607
 -9.251693
 -9.840853
-11.407345
-11.244993
-11.631469
-12.088569
-13.119338
-12.824249
 -13.03663
-13.184687
-13.290198
-13.866252
-14.115051
-13.811963
-13.752403
-14.493356
-14.014648
-14.292718
-13.762951
-13.368139
-13.470247
-12.767919
-12.397102
-11.845382
-11.111575
 -9.790819
 -8.764984
 -9.036079
 -8.365235
 -7.451037
   -5.7467
  -4.86858
 -4.845265
 -3.325402
   -2.5322
 -1.860677
 -1.446122
 -1.297727
 -1.303343
 -1.124145
 -0.863432
 -1.301811
 -1.813707
  -2.96173
 -3.632404
 -4.022112
  -5.05084
 -5.597454
 -6.716717
 -7.822876
 -8.136514
 -8.986045
 -9.669993
-10.622821
-11.081621
-10.751646
-11.642871
-12.793276
-12.823738
-12.285123
-12.685042
-13.958149
-14.452853
-13.847702
-14.706934
-14.221245
-14.652817
-13.782864
-14.482977
-14.360619
-13.514153
-13.284752
-13.168691
-12.688447
-11.249588
  -10.8689
-10.570405
 -9.468162
 -9.071816
 -7.741702
 -6.963306
 -5.694796
 -4.177825
 -4.044576
 -2.746286
 -1.943214
 -1.868165
 -1.479477
 -1.055733
 -0.397143
 -0.452961
 -1.358651
 -1.899988
 -1.657654
 -2.469405
 -4.055469
 -4.142089
 -4.612292
 -5.552016
 -6.688978
 -7.251928
 -8.235049
 -9.317212
 -9.621151
 -9.152141
-10.874855
 -11.39526
-11.112424
-11.452952
-12.145577
-13.556866
-13.524192
-14.230093
-14.781131
-14.560918
-14.725313
-14.294419
-15.446867
-14.345304
-13.690286
-14.845456
-14.644478
 -13.61575
-12.661049
-13.011784
-12.411397
-11.129101
-10.326881
-10.783469
    -9.533
 -7.290729
 -6.278676
 -6.231879
 -4.495889
 -3.070815
 -3.228401
 -3.092258
 -1.421617
 -0.129453
  -0.75741
 -1.279858
 -0.354769
 -0.994128
 -2.124964
 -2.396228
 -2.201885
 -3.696901
  -4.53435
  -4.84918
 -5.579414
 -6.302673
 -7.328339
  -7.54021
 -8.107586
 -8.855007
 -9.514109
  -9.90722
-10.581809
-11.738512
 -11.50877
-12.222158
-13.371543
-14.646691
-14.314329
-13.266372
-14.105011
-15.371311
-14.506805
-14.035918
-15.559864
-15.620451
-15.045419
-13.447783
-14.406396
-14.206097
-12.363915
-12.460408
-12.382976
 -11.48801
 -9.175284
  -8.40812
 -8.688744
 -6.360534
 -4.754901
 -4.460153
 -3.970889
 -2.912379
 -2.099948
 -2.024729
 -1.140992
 -1.254161
 -1.249396
 -1.884672
 -1.404088
 -1.722492
 -1.872079
 -3.856698
 -3.305832
 -3.430232
 -4.462874
 -5.361587
 -5.954829
 -6.512844
  -7.40645
 -8.033898
  -8.17974
 -9.176646
-10.321606
-10.812229
-10.596104
-11.177434
-13.253948
 -13.04565
-12.785788
-13.264331
-14.479063
-13.718537
-13.752231
-15.451632
-15.793693
-14.787257
-14.615205
 -15.36297
-14.736031
-14.473279
-13.490838
-13.836979
  -12.7783
-11.403259
-11.366672
-10.508121
 -8.149959
 -6.984237
 -6.380444
 -5.811368
 -4.463215
 -3.242695
 -3.039163
 -1.660547
 -2.374956
 -1.908667
 -1.333974
 -1.670417
  -1.44493
 -2.200523
 -2.602654
 -2.140281
 -2.817759
 -3.356034
 -3.742169
  -4.09665
 -4.876067
 -5.571246
 -5.764399
 -7.068135
  -8.88564
 -8.386508
 -8.477213
 -9.594434
 -10.97475
-11.290772
-10.950755
-11.793308
-13.397749
-12.869858
 -12.23254
-13.781162
-15.577903
-14.562961
-14.646691
-16.012201
-16.401569
-14.501867
-14.553771
-16.044874
-15.909584
-12.868496
-12.916826
-13.364736
-12.285976
 -9.837787
 -9.520916
 -9.053607
 -7.383986
 -6.345388
  -5.38524
 -4.954519
  -3.35059
 -3.514981
 -3.147225
 -2.785766
 -1.429445
 -1.480158
 -1.906285
 -1.336527
 -1.599793
 -1.974867
 -2.450005
  -2.38874
 -2.841586
 -4.099883
 -4.876408
 -4.770897
 -5.916538
 -7.070688
 -7.077836
 -6.828524
 -7.817772
 -9.528576
 -8.775705
 -8.785066
-11.238528
-12.396079
-11.534467
-11.005892
-13.398941
-13.869145
-13.333764
-14.293569
-15.827559
 -15.87793
-14.751518
 -15.42798
-16.933548
-15.807308
-14.614354
-14.399419
-15.194494
-13.027782
-11.617002
-12.578511
-10.788575
 -8.514141
 -7.856742
  -8.31265
 -6.942885
 -5.053393
 -4.655517
 -5.136441
 -3.780119
  -2.56947
 -2.594995
 -1.875142
 -0.912103
 -1.188642
 -2.191334
  -2.77981
   -1.4725
 -1.550272
 -3.881714
 -3.496093
 -3.373733
 -4.409439
 -5.676587
   -5.4705
 -5.327891
 -7.156117
  -7.29192
 -6.719269
 -7.795138
-10.214905
-10.460982
 -9.190599
-11.227635
-12.489507
-12.666494
-11.959573
-13.749507
-15.494006
-13.929898
-14.442304
-15.617727
-16.250962
-15.385262
-15.058862
-16.015773
-16.015094
 -13.52079
-13.662037
-13.572181
-11.961956
  -10.5733
-10.506419
-10.645966
 -8.733331
 -6.579382
 -6.237154
 -6.336028
 -4.933077
 -3.578457
 -3.967825
 -2.931609
 -2.207841
 -2.366448
 -1.847063
  -1.98746
 -1.674162
 -2.555006
 -2.946245
 -2.156957
 -2.995255
 -3.678352
  -4.40995
 -4.248621
 -4.989067
 -5.581968
  -5.17303
 -6.220136
 -7.157819
 -8.021135
 -7.618492
 -8.745584
 -9.896841
-10.009668
-10.283485
-10.575171
-12.699167
 -13.42583
-13.771971
-14.594953
-14.990449
-15.323317
-15.136633
-15.309703
-15.762549
-14.915399
-15.050184
-15.658061
-13.832384
-13.203065
-13.046161
-13.404556
  -11.0401
-10.380318
 -10.05051
 -9.341547
 -7.163945
 -6.683873
 -6.001798
 -4.901934
 -3.750849
 -3.416958
 -4.078101
 -1.824429
 -1.843829
 -2.488465
 -3.375775
 -2.766877
 -1.302662
  -2.80789
  -3.95336
 -3.197769
 -3.131229
  -4.02807
 -4.589488
 -4.637478
  -5.00234
 -6.034301
  -5.41264
 -5.434763
 -7.011807
 -8.782853
 -8.758687
 -8.883258
-10.635073
-11.765059
-11.679458
-12.625821
-13.241017
 -14.12203
-13.945894
-14.862305
-15.171008
-14.927315
-14.662857
-15.959957
-16.336389
-15.271585
-14.600573
-15.023123
-14.582192
-12.754646
-11.746339
-11.867337
-11.372968
  -9.04799
 -7.949319
 -8.136005
 -5.786521
 -5.499601
 -5.520022
 -5.117891
 -3.574882
 -2.900297
 -3.185855
 -3.052947
 -2.012135
 -2.355896
 -3.851254
 -3.083237
 -2.872046
 -2.270467
 -3.850914
 -3.064179
 -2.823036
 -3.880354
 -5.471521
 -4.177486
 -4.192971
 -5.501983
 -6.399505
 -7.113913
 -8.048022
 -9.574863
 -9.878293
-10.541305
-11.036695
-11.755698
-13.108958
-12.950011
-13.208852
-14.493698
-14.727525
-14.962201
-15.129484
-15.765612
 -16.68015
-16.049808
-16.080613
-15.069243
-14.641076
-14.202353
-12.303843
-11.634702
-11.701413
 -11.04095
 -9.445529
 -8.022155
 -7.499877
 -6.606102
 -5.620598
 -5.005063
 -4.933928
 -4.305119
 -3.692137
 -2.907444
 -3.678523
 -2.976026
 -2.136877
 -2.895362
 -4.075548
 -3.696901
 -2.332071
 -2.001924
 -2.998321
 -3.558716
 -3.264309
 -3.622363
 -4.722226
 -5.023612
  -5.45927
 -6.835161
 -7.430105
 -7.680096
 -8.860964
   -9.9644
-10.594231
-10.311566
-10.865835
-12.208033
-13.235399
-13.781162
-14.229583
-14.851923
-14.796958
-16.052872
-15.549654
-15.742467
-15.804923
-16.070743
 -15.44874
-14.251534
-13.347208
-12.891811
-13.058585
 -11.70856
 -9.855657
  -9.34359
 -8.252576
 -6.636903
 -6.564577
 -6.537009
 -5.792137
 -4.922356
 -5.261181
  -5.38371
 -3.679542
 -2.863367
 -3.646869
 -3.808878
 -3.193002
 -1.597581
 -2.522159
 -2.939097
 -1.620045
 -2.176868
 -3.214787
 -4.406205
 -3.369479
 -4.393953
 -5.646806
 -4.937673
 -5.110062
 -7.692009
 -8.800041
 -8.582723
 -8.154894
 -9.780098
-10.738371
 -11.55523
-11.712643
 -12.76843
-13.105042
 -14.25681
-14.927996
 -14.79917
 -15.04082
-15.430192
 -16.40412
-16.352216
-15.534681
-14.883068
-14.300715
-13.373756
-12.784938
-11.935406
 -10.87026
 -9.938534
 -8.587148
 -8.808549
 -7.070688
 -6.694594
 -6.116157
 -6.858986
 -6.476424
 -5.122316
 -4.746561
 -4.084568
 -3.766164
 -2.891789
 -2.814016
 -2.780321
 -2.479274
 -2.630904
 -2.523522
 -2.431965
 -2.794446
 -3.534381
 -4.332689
 -4.620119
 -4.426626
 -5.093895
 -5.256587
 -6.070039
 -6.821547
 -7.894181
 -8.724822
 -8.795276
 -9.510025
-10.558833
-10.873323
-11.594541
-12.807402
-14.751179
 -14.23792
-14.438221
 -15.15348
-15.509665
-15.393259
-16.365151
-16.515588
-15.284859
-14.155215
-12.963456
-13.274541
-11.828705
-10.909571
-11.074986
-10.704166
 -9.042205
 -8.027261
 -8.234707
 -7.070347
 -6.485955
 -6.515736
 -6.078718
 -5.529893
 -4.339324
   -3.5725
 -3.739956
 -2.857582
 -2.752582
 -3.128676
 -3.124081
 -2.889236
 -2.218391
 -2.611504
 -3.220572
 -3.739106
 -3.829811
 -4.815143
 -4.851732
 -4.891044
  -5.35495
 -6.646433
 -6.601846
  -7.83564
 -8.954053
 -9.253227
 -9.248632
 -9.905349
-11.123147
-12.598932
-13.462078
 -13.98844
-15.691755
-15.454695
-14.860434
-15.761018
 -16.13643
-15.527021
-14.695019
 -14.90621
-14.543729
 -12.81625
-11.522554
-12.116647
-11.983739
-11.314937
 -10.19295
-10.318712
 -8.452707
 -7.545316
  -6.71059
 -7.554506
 -6.555728
 -5.055946
 -5.339803
 -4.718141
 -3.175986
 -2.979769
 -3.249671
 -3.670012
 -2.893489
 -2.358788
 -2.029323
 -2.249534
  -2.60725
  -3.05516
 -3.793051
 -4.185994
 -4.271595
 -4.756602
 -4.721375
 -4.715759
 -5.447016
 -6.858476
 -8.117115
 -8.381061
 -9.176646
-10.133387
-10.361428
-12.064234
-13.732832
-14.417967
-14.146023
-14.880002
-15.121996
-15.095958
-14.340368
-15.486178
-15.732765
-15.218659
 -14.17921
-13.572353
-13.250717
-12.199183
-11.849807
-12.394548
-11.884865
 -9.866038
 -9.658933
 -9.227528
 -8.373744
 -6.555049
 -6.802316
 -7.095193
 -6.015922
 -4.758305
 -3.331358
 -3.816537
 -3.174283
 -3.352291
 -3.493539
 -3.632575
 -2.680257
 -2.860814
 -2.841925
 -3.017549
 -3.282858
 -3.624235
 -4.032834
 -3.938724
 -3.999818
 -4.145832
 -4.818548
 -5.386092
 -7.174326
 -7.861847
 -8.839692
 -8.751539
-10.467278
-11.187473
-11.292643
-13.269605
-14.292037
 -14.92493
-13.791883
-14.269573
-15.115189
-14.954371
-14.673747
-15.367395
-15.101575
 -14.72446
-12.769281
 -13.18775
-13.294111
-11.931323
-11.719792
-11.618536
-11.182879
 -9.332869
 -8.794085
 -7.671588
 -7.995947
 -7.169561
 -5.954999
 -6.786831
 -5.077729
 -3.433975
 -3.935321
 -3.649591
   -4.0005
 -3.541358
 -3.276731
 -2.700167
 -2.858433
 -3.007339
 -2.646561
  -3.28456
 -3.450654
  -4.12541
 -3.734171
 -3.449802
 -3.630362
 -5.032801
 -5.821579
 -6.922123
 -8.014668
 -9.352779
 -9.560398
 -10.08812
-11.463333
-12.379402
-12.590424
-13.383965
-14.359257
-14.452853
-13.415277
-13.656423
-15.178668
-15.699073
-14.967304
-14.667282
 -14.73399
-13.629703
-12.688786
-12.273891
-12.897765
 -12.52048
-10.864815
-10.476298
 -9.906881
 -8.676831
 -7.278987
 -7.748339
 -7.735574
  -7.50277
 -5.592008
 -4.735841
 -4.645135
  -4.63033
  -3.96323
  -3.58118
 -4.324349
 -3.713919
 -2.974833
 -2.434348
 -1.922621
 -2.652516
 -3.192492
 -3.323701
 -2.739648
 -2.964625
 -3.400962
 -4.062106
  -5.22255
 -6.478298
 -7.238484
  -8.66475
 -8.893979
  -9.89718
-10.104119
-10.763898
-11.166882
-13.190132
-14.154703
-12.951543
-13.396559
-14.787938
-14.555645
-14.181592
  -14.7054
-15.490264
-15.321616
-13.636341
-13.333594
 -13.59703
-12.289039
-12.956988
-12.312523
-11.778843
-10.224094
 -9.335591
 -9.003234
 -8.355194
 -7.079197
 -7.009764
 -7.099789
 -6.599805
 -5.342696
 -4.728182
 -4.737543
 -4.007818
 -4.312268
 -4.209138
 -3.337825
 -2.261106
  -1.88314
 -2.209202
 -2.018432
  -1.92126
 -2.997468
 -4.006285
  -2.86626
 -3.798499
 -5.046415
 -5.524447
 -6.027154
 -7.342803
 -8.557707
  -9.26735
 -8.940608
-10.208098
-11.161777
-11.156501
-13.612006
-14.215967
-13.620172
-14.416949
-13.777927
-14.378828
-15.555783
-14.698933
 -14.72446
-14.889535
-14.899573
-13.788311
 -12.81693
-12.783918
-13.221785
-12.145407
-10.950755
-10.252684
 -9.754401
 -8.448793
 -8.407099
 -8.136514
 -8.238623
 -7.920898
 -6.182187
 -6.322924
  -5.26884
 -4.312948
 -3.460693
 -3.822492
 -3.949956
 -2.629201
 -1.787841
 -1.371925
  -2.48319
 -2.290546
  -2.28306
 -2.558238
 -3.555144
 -3.455249
 -3.613685
 -4.149235
 -5.125379
 -6.385379
 -7.644869
 -8.150299
  -8.89415
 -9.130697
 -9.434466
-10.447708
-11.703284
-13.229273
-12.584809
-13.805839
-13.923941
 -13.70288
-14.490295
 -14.25562
-15.010531
-15.933068
-14.738074
 -14.17938
-13.467693
-13.884291
-13.010085
 -12.51163
-11.936089
-11.951744
 -11.53753
 -9.748105
 -9.393794
 -9.224126
 -9.096151
  -8.68449
 -7.279666
  -7.35846
  -5.71794
 -4.848669
 -4.269552
 -5.184601
 -3.988246
 -1.930279
 -2.530499
 -2.821335
 -2.101309
 -0.986471
 -1.453611
 -3.704388
 -2.949137
 -2.566407
 -2.870345
 -4.139366
 -3.899753
 -4.872663
 -6.220817
 -7.507025
 -7.785948
 -7.847552
 -8.699634
 -9.420341
 -9.822814
-11.176583
-13.052457
-13.273179
-13.421236
-12.850115
-13.887524
-15.111445
-14.723951
-14.864348
-14.725993
-14.888001
 -14.36011
-12.894023
-13.304662
-13.081047
-12.904063
-12.598932
-12.460748
-10.644434
-10.173891
-10.347814
 -9.825877
 -9.241995
 -9.042205
 -7.794456
 -7.650996
 -5.115338
 -5.115509
 -4.175443
 -4.271084
   -4.2881
 -3.420361
 -2.444389
 -1.667355
 -1.917005
 -2.735054
  -2.47383
 -1.871568
 -2.978069
 -3.423596
 -3.543231
  -3.07643
 -2.965816
 -5.254544
 -6.361554
 -6.626523
 -8.032025
  -8.40761
 -8.370171
 -9.094959
-11.048266
-11.989865
-11.837213
-12.721462
-13.868293
-13.707475
-13.415788
-13.232336
-15.478179
-14.954032
-14.714931
-14.448263
-13.710879
-12.813189
-13.233698
-13.264501
-12.999534
-12.708528
 -12.63399
-11.351185
-10.432562
-10.212012
-10.034175
 -9.142438
 -8.333752
 -7.929918
 -7.070688
 -4.704699
 -4.310055
 -4.706569
 -5.178134
 -3.312639
 -3.470564
 -3.349567
 -2.658303
 -1.502111
 -1.094534
 -3.368457
 -3.689755
 -2.533562
 -2.386697
 -3.111319
 -3.890054
  -2.75156
 -4.834884
 -6.742413
 -7.272008
 -6.619716
 -6.880259
 -9.088835
 -9.838468
-10.043194
-11.887928
-13.117978
-13.880036
-12.403737
-13.033909
-13.990822
-13.008381
-14.706251
-13.758526
-14.743012
-14.148405
-13.027441
-13.804647
-13.610642
-13.836639
-13.953552
-13.703391
-12.962944
-11.287367
-11.408535
 -9.560057
 -9.967975
-10.039281
 -8.345324
 -7.474692
 -5.550145
 -6.390145
 -5.569203
 -4.629649
 -4.020751
 -4.117073
  -4.39225
 -2.375637
 -2.614397
 -1.912751
 -1.849275
 -2.195588
 -2.834608
 -3.441974
 -2.019624
 -2.136706
 -3.143992
 -3.729065
 -5.260501
 -5.378605
 -6.735096
 -7.424489
 -7.748509
 -9.378987
 -9.390389
-10.144108
-11.398495
-12.873432
-12.419055
 -12.05164
-13.035101
-13.051267
-13.773505
-14.013286
-14.054468
-14.916594
-13.965295
   -14.581
-14.515141
-13.863017
-13.852296
-14.218351
-14.906724
-11.821559
-11.045034
-11.227296
 -11.01253
-10.247407
 -8.733671
  -9.41098
 -8.076612
 -6.710419
  -6.14798
 -5.618726
 -5.799965
 -3.466309
 -4.381529
 -4.441773
 -2.553134
 -1.813368
 -1.512491
 -2.991172
 -1.970442
 -0.833651
 -1.984056
 -2.603335
 -2.724502
 -1.569502
 -3.549866
 -5.628426
 -5.427104
 -6.640307
 -7.256524
 -8.349919
 -7.706815
 -9.078962
-11.595391
-11.236143
-10.762367
-11.646274
-12.928058
-12.879898
-12.067125
-13.518917
-14.263277
-14.991128
-15.541144
-14.704547
-14.510717
-13.472288
-14.822313
-14.654516
-14.462895
-13.442507
-12.207182
-13.360823
-11.334677
-10.772748
 -9.558016
 -9.257991
  -9.36231
 -7.211595
 -7.179092
 -6.355598
 -5.606474
 -5.767293
 -5.156521
 -5.460289
 -3.290005
  -2.78866
 -2.949817
 -1.765546
 -1.409193
 -0.803358
 -2.120539
 -2.269956
 -1.671438
 -2.599761
 -2.953222
 -3.751188
 -4.489593
  -5.88948
 -7.166499
 -6.815931
 -7.943193
 -7.496134
 -8.718695
 -9.213744
 -10.58215
 -12.12771
-11.321916
-12.209053
-12.191184
-13.260755
-13.905902
 -14.01839
-14.693485
-14.500168
-14.625414
-14.516162
-14.520075
-14.952498
 -13.61694
 -14.40776
-14.029283
-13.175156
-12.245473
-11.112765
 -10.67949
 -9.708453
 -9.931557
 -9.940746
 -8.511758
 -6.524416
 -6.057277
 -6.961263
 -5.331805
 -4.922356
 -4.313117
 -3.308214
 -2.848563
 -1.125846
  -1.43472
 -1.724875
  -1.69203
 -1.843489
 -2.837671
 -3.393132
 -1.678757
 -2.261957
 -4.586083
 -5.718451
 -5.090492
 -6.202778
 -7.252268
  -7.66529
 -7.448314
 -8.309416
 -9.883905
-10.442943
-11.925708
-12.630927
 -12.30095
-11.868186
-13.267053
-13.944532
-14.913529
-14.508674
-14.635628
-15.343741
-14.305651
-14.481106
-14.488252
-14.455065
-13.674459
-13.250545
-13.404386
-11.157691
-10.241111
-10.881153
-11.200407
-10.640009
 -8.901297
 -8.778598
 -8.055341
 -5.344739
 -5.188515
 -5.262372
 -5.367373
 -3.354501
 -3.091406
 -2.536455
 -1.840425
 -1.438294
 -1.855401
 -3.032865
 -2.925485
 -1.966017
 -3.093278
 -3.069284
  -3.26635
 -3.043586
 -3.820962
 -6.629076
 -6.259449
 -6.792105
 -6.618694
  -7.37837
 -9.130016
-10.148024
-10.789256
-10.686127
-11.669079
-12.096226
-12.941331
-13.351122
-13.141462
-14.800188
 -15.11451
-15.597134
-14.736375
-13.344315
-13.633789
-13.972953
-15.058181
-13.765847
-13.484201
-12.544645
-12.995448
-12.407992
-10.193292
-10.335901
-10.914168
 -9.289303
 -8.027771
 -7.155947
 -6.830226
  -4.60157
 -5.013061
 -5.729002
 -4.469512
 -3.550548
 -1.993587
 -2.193375
 -2.773855
 -1.833789
 -1.642509
 -2.707826
 -3.377135
 -1.532233
 -1.779502
 -3.568418
 -4.261893
 -4.031472
 -6.020177
 -5.704326
 -6.465194
 -6.833799
 -7.164626
 -8.656239
 -9.157245
-10.629458
-10.814272
-12.548561
-12.255513
-12.565917
-13.074751
-13.405579
-14.864008
-14.491318
 -14.02588
 -13.29258
-14.254939
-14.312119
-13.568609
-14.423073
-14.462556
 -14.69791
-13.067263
-12.260277
-12.444921
-11.520172
 -11.17437
 -9.632213
 -8.890405
 -8.776555
 -6.739181
 -6.082122
 -6.075315
 -5.831619
 -5.099172
   -4.1055
 -4.472404
 -3.642104
 -2.387549
 -1.684712
  -2.65609
 -3.882736
 -2.554322
 -2.539689
 -2.571342
 -3.399769
 -3.173434
 -3.234016
 -5.251482
 -5.511514
 -5.749764
 -5.735469
 -6.915825
 -8.247812
 -8.373575
  -9.62915
 -9.957084
 -11.88078
-11.883503
-11.075836
-12.166851
-12.270658
-12.754646
-13.662718
-14.117263
-14.673577
-14.128156
-13.472459
 -14.06553
-15.569567
-14.271786
-13.563845
-13.920367
-13.279135
 -12.27236
-10.731906
-11.377563
-11.320213
-10.293697
 -9.078453
 -8.339708
 -7.863038
 -7.273199
 -5.672842
 -5.200598
 -5.371798
 -4.970345
  -4.16251
  -3.66661
 -2.437411
 -2.270467
 -2.352323
 -3.179048
 -3.280816
 -3.000361
 -1.838384
 -3.061967
 -3.443164
 -3.633934
 -4.770897
 -5.111765
 -6.821717
 -6.791766
 -7.041758
 -8.421904
 -9.316701
-10.103777
 -9.934281
-10.890342
-11.186451
 -11.60577
-11.569353
-11.802158
-13.694372
-13.641956
-13.548188
-14.426817
-14.963391
-14.171381
-13.335635
-14.417288
-15.005256
-14.035578
-12.965496
-12.617822
 -12.74971
-11.167903
 -11.13608
-10.245366
 -9.842212
 -9.102449
 -8.146726
 -7.265543
 -6.288207
 -6.562876
 -5.761846
 -4.809527
 -5.053053
 -4.432754
 -2.765685
 -3.110467
 -2.437751
 -2.102841
 -1.648125
 -2.278295
 -2.728586
 -3.243035
 -2.801932
 -2.735224
 -5.118743
 -6.275784
 -6.232729
 -5.786181
 -6.731863
  -7.86508
 -7.890097
  -7.48286
 -8.625949
-10.690722
-10.721355
-10.653965
-12.384508
-12.286996
-12.446453
-13.303301
-14.142793
-14.659963
 -13.37835
-13.775887
-13.935854
  -13.9333
-14.249833
-13.726025
-14.079486
-13.108617
-12.498869
-12.115625
-11.037887
-11.418405
-10.284338
 -9.489604
 -9.099214
 -8.507163
 -7.677204
  -6.39576
 -6.459748
 -6.793467
 -5.932704
 -5.159755
 -2.633626
 -3.020102
 -2.354874
  -1.99682
 -2.666472
 -2.783044
  -3.05516
 -2.787638
 -3.325744
 -4.160638
 -4.322988
 -4.485679
 -4.740435
 -6.339602
 -5.944958
   -5.8323
 -5.933217
 -7.097236
 -8.305672
 -8.527586
-10.664514
-10.732926
-11.052522
-11.265926
-11.621427
-13.162223
-12.963795
-13.340401
-13.509386
-14.472087
-14.090377
-13.279986
-13.934323
-14.022645
-14.379339
-13.440806
-12.853859
-12.485252
-11.517109
-11.253843
-11.379775
-11.777653
-11.368373
 -9.732449
  -8.30397
 -8.500867
 -7.421596
 -7.131271
 -5.693094
 -6.229666
 -4.293547
 -3.445888
 -3.375775
 -2.208521
 -3.226528
 -2.653198
 -3.615726
  -4.36349
  -2.90387
 -3.412364
 -3.252224
 -3.760208
  -4.54456
 -3.870993
 -5.518661
 -5.099342
 -6.835842
  -5.81341
 -6.492081
 -8.465641
 -9.480073
 -9.976994
  -9.69637
 -10.32535
-10.643923
-12.255001
-12.976217
-13.317937
-14.241836
-12.931633
-14.252387
-14.347175
-13.752231
-13.263478
-12.522692
-14.804104
-13.244249
-12.814209
-12.698998
-12.083632
-12.944564
-12.340602
-12.071041
-11.215383
 -9.652295
 -8.491167
 -7.256353
 -6.831927
 -5.456036
 -5.586733
 -5.982228
 -3.696562
 -4.230411
 -4.481254
  -4.91674
 -3.231804
 -3.696051
 -3.908943
 -3.279113
 -3.125272
  -3.12323
 -3.641253
  -3.09532
 -3.282858
 -5.402259
 -6.171805
 -4.954519
 -5.352397
 -7.232528
 -8.060275
 -7.710218
 -7.971103
-10.526501
-10.783299
-10.414353
-10.302546
 -12.55877
-13.047523
-12.804848
-13.817752
-14.289825
-12.725717
-11.908178
-12.705465
-14.298333
-13.993204
-12.744604
-14.068082
 -14.76275
-14.009882
-12.219946
-12.123794
 -11.36548
 -10.76407
-10.454345
 -9.412344
 -7.016402
 -6.721651
 -7.230316
 -7.171943
 -6.241749
 -5.716918
 -5.419277
 -4.363149
 -3.370328
 -4.417267
 -3.315701
 -2.859114
 -2.517905
 -3.671375
 -3.897201
 -1.669907
  -2.39759
 -4.297972
 -4.644625
 -4.167784
 -5.653783
 -6.169253
  -5.87978
 -6.188314
 -7.069837
  -9.68548
 -9.141079
 -9.790649
-10.812912
-11.638958
 -10.88796
-10.557643
-12.032069
-13.002936
-12.720781
-12.465512
-13.801584
-13.651147
-13.016209
-14.231794
-14.191463
-14.539988
-13.450846
-12.831228
-12.616971
-11.732555
-11.739872
-11.209426
-11.196493
-10.328071
 -9.413023
 -8.360981
 -7.372073
 -7.456822
 -7.019464
 -6.428265
 -5.644082
  -5.22204
 -4.470873
 -3.640572
 -3.099745
 -4.040322
 -4.342048
 -4.085929
 -3.044948
 -3.335103
  -3.43721
 -2.739988
  -3.40947
 -4.281974
  -5.16418
  -4.65041
 -5.710963
 -7.633978
  -7.54889
 -7.477584
  -8.92461
-10.327732
-11.071753
 -9.030804
 -8.912699
-11.360716
-10.823803
-11.456696
  -12.5489
-13.406599
-12.672281
-12.268446
-14.191802
-14.991981
-13.378181
-13.898586
-14.428011
-13.507345
-11.608494
-11.914985
 -12.75873
-11.833472
-10.676768
-10.675406
 -10.82057
 -8.512098
 -8.521459
 -8.460025
 -6.337389
  -6.22507
 -6.622269
 -6.583126
 -4.933418
 -3.764633
 -4.906529
 -3.757995
  -3.88665
 -3.450994
 -3.565523
 -3.282347
 -1.407322
 -3.047672
 -4.489763
 -4.179698
 -4.223093
 -5.725768
 -7.156799
 -5.944958
 -6.285995
 -7.418192
 -8.335284
 -7.988118
 -7.261627
-10.326712
 -9.950786
 -9.636978
-10.648008
-10.790618
-13.363033
-12.152384
-13.578649
-14.056511
-12.350131
 -12.37719
-13.173966
-14.604656
-13.145715
-12.933845
-14.198781
-12.843989
-12.931291
-12.794808
-12.278146
-10.958243
 -9.995545
-10.466088
 -8.339538
 -7.544294
 -7.982505
   -7.9129
 -7.604707
 -5.775461
 -6.385039
 -5.609195
 -4.599018
 -3.369308
 -3.074389
 -3.532338
 -2.266382
 -3.157947
 -3.271116
 -2.637202
 -4.761197
 -4.053256
 -5.191748
 -5.900031
 -3.822492
 -6.397462
 -5.695136
 -6.718759
 -5.497049
 -7.756507
 -9.206598
 -7.836321
-10.265106
-10.113819
-12.008243
-10.574151
 -11.26167
-13.294281
-11.788032
-12.035643
-13.001916
-13.919007
-13.653018
-11.989354
-15.322976
-14.897874
-12.909338
-12.843308
-13.697604
 -13.56078
 -9.619959
 -11.14578
 -12.59519
-10.781087
 -9.678331
 -8.526054
-10.288932
 -8.762771
 -6.064253
 -7.371053
 -5.818686
  -5.37452
 -3.174964
 -3.665248
  -3.77212
 -1.628383
 -3.335782
 -3.253927
 -4.697891
 -3.570799
 -3.133101
 -4.803911
 -3.563993
 -4.412332
 -4.016838
 -5.191408
 -5.229868
 -4.728693
  -7.69235
 -6.190186
 -7.551783
 -9.111468
  -8.81808
 -9.960998
 -8.491678
-11.079239
-10.907019
 -11.21215
-12.728269
 -12.33924
-14.197928
-12.426712
-13.891949
-14.906552
-13.213107
-13.547337
-12.789702
-14.457278
-12.983707
 -11.77578
-13.552271
-12.820335
-12.311501
-11.577522
 -11.88044
-11.593349
 -7.923622
 -9.949766
 -7.293281
 -6.921781
 -5.528872
 -5.074665
 -6.113435
 -3.278603
 -4.707591
 -4.262745
 -5.022421
  -4.36264
 -2.630564
 -4.921335
 -3.502728
 -3.421044
 -2.820141
 -3.344122
 -4.513077
 -4.082355
 -5.473733
 -5.922324
 -5.681012
 -5.567502
  -6.94816
 -8.260405
  -6.86375
 -7.314384
 -10.05817
 -9.271605
-11.045034
-10.100033
-12.489507
-12.016923
-12.478956
-14.178357
-11.523235
-13.523172
-12.320011
-13.200683
-12.964306
-12.847563
-14.164062
-13.810434
-14.210861
-12.010456
-12.919209
-13.198982
-12.185399
-11.528682
 -9.648549
 -8.888705
 -7.880056
 -7.511961
 -8.032707
 -6.598273
 -6.342325
 -5.665694
 -6.180655
 -5.099852
  -3.76361
 -5.108871
 -3.330168
 -3.797136
 -2.553473
 -3.300046
 -4.597997
 -2.787298
 -4.254575
 -5.326189
 -4.204203
 -4.646156
 -6.020858
 -5.494666
 -4.931036
 -5.895436
 -8.071678
 -8.186038
 -8.584424
 -8.621863
 -9.703519
 -10.57449
 -9.683267
-12.964815
-11.601857
-12.440326
-11.386752
-12.097588
-12.879898
-11.429809
-12.990345
-13.115082
-14.769048
-13.971252
-14.641241
-14.254086
 -12.92193
-13.152353
-10.816824
-11.548762
 -10.80185
 -8.972261
 -9.413192
 -8.982132
 -8.282869
  -7.30213
 -6.997681
 -7.382114
  -4.95486
 -5.777673
 -5.269179
 -3.679714
 -4.644285
  -4.31482
 -5.232421
 -3.543231
 -3.226358
 -3.856868
 -4.544221
 -4.522776
 -4.187186
 -4.246578
 -4.416246
 -4.747412
 -5.474244
 -6.092843
 -7.213127
 -6.747859
 -9.004765
 -9.778225
 -9.470545
 -8.978727
 -8.945203
-10.310885
-10.274977
-11.237677
-12.089928
-10.449409
-13.376308
-12.970602
-14.004095
 -14.65469
-13.262967
-14.163042
-13.539849
-13.343292
-13.288155
-12.387913
-12.636372
-12.374977
-11.855424
-10.630309
 -9.846807
 -9.240292
  -8.82778
 -8.109457
 -6.779682
 -6.664133
 -6.447495
 -6.133346
 -5.156351
 -4.947372
 -5.286367
 -4.638498
 -4.293205
 -3.993353
 -4.506609
 -3.605346
 -1.909519
  -3.30498
 -3.234527
 -3.665758
 -4.043043
 -5.266287
 -6.317649
  -6.24328
 -6.997681
 -8.195057
 -8.365064
 -6.715186
 -7.209043
 -9.243355
 -8.959159
 -9.088151
 -9.624725
 -11.28924
-12.130601
-11.896267
-12.850796
-12.906445
-12.954945
 -13.72279
-13.844978
-14.720035
-13.450335
-13.416641
-13.764144
-13.622215
-13.391965
-12.208203
 -12.26351
-11.386924
-10.474766
 -9.179028
 -8.802594
 -8.939588
 -7.819984
 -8.802253
  -7.20632
 -7.063201
 -6.748881
 -6.094716
 -6.254002
 -3.679203
 -4.363831
 -3.686349
 -2.260766
 -2.530499
 -1.874972
 -4.418798
 -3.785564
 -4.219009
 -5.019017
 -5.458758
 -5.618386
 -4.088141
 -6.396271
 -6.593167
 -5.654804
 -6.442218
 -7.668185
 -8.524693
 -7.467373
 -8.043257
-10.979687
-10.806956
-10.858008
-10.197036
-13.219743
-12.781535
-12.382126
-13.713601
 -12.74971
-14.348195
-13.312492
-15.413341
-14.855158
-12.831906
-13.542912
-13.094322
-13.365417
-10.793851
 -9.031313
-10.093398
 -9.377286
 -10.11586
 -9.154523
 -9.804944
 -8.871856
 -7.575608
 -7.844489
 -5.855444
 -5.342187
 -4.635096
   -3.7049
 -3.979057
 -3.234356
 -4.464577
 -2.791553
 -3.301067
 -4.958774
 -3.633934
 -6.436602
 -4.377444
 -5.017996
 -4.623864
 -4.748094
 -5.687308
 -5.444634
 -6.695785
 -6.888427
 -6.991556
 -8.833907
 -7.533403
-11.000956
 -9.145334
-10.140025
-11.381987
-10.026517
-12.080739
-11.178284
-13.665951
-13.945555
-13.566908
-14.401122
-13.620514
-14.559895
-12.162254
-12.530011
-12.382807
 -11.14578
 -12.72095
-11.337912
-11.254182
-10.444133
-10.677449
-11.744638
 -9.123209
-10.070762
 -8.053978
 -7.465672
 -6.273063
 -4.143108
 -5.904967
 -4.373532
 -5.007955
 -4.889681
 -3.439253
 -5.511514
 -3.317404
 -6.172657
 -3.443164
 -4.337964
 -4.841692
 -2.156957
 -5.073813
 -3.520425
 -5.282793
 -6.614271
 -4.958944
 -7.003297
 -6.277316
 -7.870866
 -6.688637
 -7.231337
-10.751135
 -8.139409
-10.874346
-10.672004
-11.805902
-13.352823
-11.711962
 -14.02605
-13.449826
-13.633959
-13.190474
-11.802327
-14.431755
-12.088057
-12.952733
 -12.40663
-13.604518
-13.057565
-11.104257
-12.314055
-11.837894
 -10.91774
 -8.991491
 -8.469044
 -9.887991
  -6.40376
 -6.991895
 -6.130113
 -6.172316
 -6.563896
 -4.075037
 -6.119561
  -4.20948
 -4.073677
 -4.712866
 -3.918133
 -3.979738
 -2.753093
  -4.30529
 -4.971027
 -4.074017
 -4.785022
 -4.071465
 -5.691563
 -5.013401
  -6.29978
 -6.506887
 -4.538603
 -6.823929
 -7.363565
 -9.016678
 -8.345834
   -9.7253
-12.551282
-10.348493
-12.098948
-12.370213
-12.575959
-13.037483
-11.035505
-14.374747
-12.897595
-12.343324
-13.637191
-14.285911
-13.877142
-11.776631
-14.184484
-14.222263
-11.663801
-11.181347
-10.277531
-11.286177
 -9.606347
 -8.410672
 -9.920665
 -7.653378
 -7.730639
 -6.593337
 -7.458865
 -5.744147
 -4.177144
 -4.576893
  -5.05033
 -4.446878
 -3.359779
 -4.204543
 -6.187292
  -4.08661
 -3.456269
 -4.672194
  -5.17303
 -3.696391
 -2.224007
 -5.280411
 -4.224964
 -4.291846
 -5.852552
 -8.359109
 -7.672439
 -5.803369
 -9.223275
-10.744328
 -9.898203
 -8.453898
-10.723056
-12.450877
 -9.737724
-11.386582
-12.645561
-13.863528
-12.190166
-13.497815
-15.578077
-14.171722
-12.931972
-13.333764
-14.520075
-12.207863
-10.719142
-12.946097
-11.501963
-10.727139
  -9.60056
-11.015084
-10.720163
 -8.094481
 -8.491848
 -7.817091
 -6.224731
 -5.795712
  -5.62179
  -7.22606
 -4.566343
 -4.850541
 -6.775768
 -5.101895
 -4.074866
 -3.938384
 -5.357162
 -3.602281
 -1.934365
 -4.282484
 -3.836107
 -3.418148
 -4.181398
 -5.866336
 -7.184708
 -5.630298
 -7.025762
 -8.385146
 -8.104181
 -6.739691
 -7.825428
-10.261702
 -9.149759
-10.131686
-11.546719
-12.040238
-12.051979
-12.781705
 -13.84719
-12.925165
-13.131762
-12.513164
-13.723982
-12.240025
-11.664654
 -13.58716
-13.351461
-12.934354
-11.395602
-13.042589
-10.920464
 -8.634286
 -9.697391
 -9.480243
 -8.119837
 -7.155437
 -7.371904
 -8.307034
 -6.111903
 -5.925047
 -7.839044
 -7.169222
 -5.638126
  -4.55443
 -5.605452
 -4.090184
 -2.192694
 -2.818101
 -5.111084
 -3.847339
 -3.684137
 -4.700784
 -5.769164
 -4.743329
 -4.760856
 -6.764368
 -6.988491
 -5.800136
 -6.240388
 -8.568939
 -7.948978
 -7.910518
   -8.5994
-11.143568
-11.649167
 -9.837276
-11.751445
-12.251257
-12.038365
-12.115625
-13.265352
-12.993236
-12.344346
-13.566908
-13.686203
 -13.47552
-12.257725
-12.406291
-13.158139
 -11.79671
-10.594911
 -9.504069
-10.263233
 -9.671524
 -7.834789
 -9.157584
 -8.644158
 -8.462747
 -7.239166
 -7.465161
  -7.46414
 -4.784342
 -5.276156
 -6.123135
 -4.298483
  -2.55194
 -3.898053
 -6.012008
 -4.875897
 -2.210393
 -4.293887
 -5.913475
 -5.004211
 -4.083377
 -5.223061
  -5.30747
 -4.230921
 -6.016943
 -7.780162
 -6.561513
 -5.796222
 -8.047853
 -9.919814
 -8.593955
 -9.737385
-10.299483
-11.131144
-11.363098
 -11.02223
-12.913591
-12.180463
-12.384169
-14.352792
-13.682287
-13.239315
-12.494102
-13.354185
-13.254459
-11.746339
-10.497741
-11.645593
-11.596412
-11.133186
-10.034005
-10.939184
-10.142579
 -8.948777
 -8.993364
 -8.973793
 -6.899999
 -4.858369
 -6.298248
   -6.4429
 -5.873653
  -4.88781
 -5.229527
 -6.426222
 -4.525841
 -4.406035
 -5.159924
 -3.844786
 -4.271084
 -3.578627
 -4.704868
 -4.619779
 -4.133069
 -4.833013
  -6.30948
 -6.915825
 -6.708207
  -6.69051
 -8.473639
  -7.36867
 -7.281369
 -9.348185
  -8.83765
-10.203673
-11.133186
-12.011646
-12.415311
-12.439306
-13.124613
-13.273179
-11.735618
-12.190675
-13.447613
-12.516738
-11.588073
-11.396452
-13.651828
-11.603388
-11.581605
-12.251769
-12.170423
-10.589977
 -9.521768
 -9.766484
 -9.192984
 -8.049214
 -7.239166
 -7.491879
 -7.202066
 -6.711782
 -6.129602
 -6.449197
 -6.066805
 -5.460801
 -4.972558
 -4.960476
 -4.619439
 -4.715079
 -3.484861
 -3.921026
 -4.212712
 -5.611749
 -4.359234
 -4.658239
 -6.427413
 -5.594731
 -5.407024
 -5.743638
 -7.403557
 -6.768963
 -7.432828
  -9.42936
 -9.251693
-10.220859
-11.473373
-11.568333
-12.057766
-11.419256
-12.853181
-12.538519
-11.134379
 -13.14027
-11.752296
-13.528448
-12.311162
-12.541412
-13.308578
-12.485935
-12.226583
-13.004128
-11.419597
-10.181039
 -9.803071
-10.133899
 -9.587285
  -7.84517
   -8.3232
 -8.039854
 -8.470915
 -7.170752
 -5.461652
 -5.755039
 -5.811879
 -5.425233
  -5.44191
 -4.473597
  -3.86725
 -4.069592
 -4.909763
 -5.442591
 -3.985864
 -3.919496
 -3.897371
 -4.819909
 -3.884609
 -3.554291
 -5.616344
 -5.493133
  -7.05282
 -7.292259
 -7.533233
 -8.589701
 -9.463057
-10.209288
-10.236005
 -9.861274
-11.454483
-11.416193
-11.431508
-12.151364
-13.190132
-13.069645
-12.953586
-14.385126
-13.503432
-12.831567
-12.671769
-13.792053
-12.522014
-11.574289
-10.859028
-11.636403
-11.296217
-10.503868
-10.465407
 -9.871484
 -8.807699
 -8.247642
 -7.133313
  -7.24393
 -6.221328
 -6.194099
 -5.978313
 -5.677778
 -5.590306
 -5.877568
 -5.457396
 -4.177144
 -5.257947
 -4.253895
 -3.531827
 -2.889236
 -3.310256
 -3.058562
 -2.929738
 -3.801221
 -5.580606
 -6.184058
 -5.421488
 -6.588742
 -8.146896
 -8.450664
 -7.075453
 -9.088493
 -9.981931
-10.344068
 -9.816346
 -10.67047
-12.815571
-11.831259
 -12.15732
-13.139419
-14.217159
-13.711049
-12.915465
-13.170561
-13.468713
-12.994598
-12.571534
-11.968932
-13.733171
-12.207522
 -10.23022
-11.581266
-10.714378
-10.997045
 -8.109627
 -8.235389
 -9.339165
 -7.458696
 -6.858986
 -7.041077
 -7.180113
 -6.873791
  -5.70841
 -6.110712
 -6.132324
 -3.128506
 -4.088822
 -3.809219
 -3.138717
 -3.532338
 -3.601942
  -4.17187
 -2.950159
 -3.455588
  -4.91657
 -5.052373
 -5.925217
  -5.65055
 -6.565258
 -7.766037
 -6.316968
 -8.097884
 -9.651954
 -8.895512
 -9.163882
-10.581297
-11.243464
-12.129241
-11.438828
-11.799606
-14.156065
-12.402889
-13.100448
-13.740659
-13.193195
-13.362184
   -12.796
-13.190983
-13.178049
-11.981865
-10.717441
-11.319192
-10.697699
-10.376404
  -9.90518
 -9.243527
 -9.081005
 -8.653347
 -9.271775
 -7.614238
 -7.509749
 -7.414448
 -6.483914
 -6.450388
 -4.628969
 -4.754561
 -4.595784
 -3.813133
 -4.288611
 -4.013773
  -4.07742
 -4.548646
  -4.96456
 -4.478701
 -3.721067
 -4.087631
 -5.682373
 -5.857147
 -5.933386
 -6.266425
 -6.353555
 -8.728056
 -8.209351
  -9.91505
 -9.549847
  -9.48586
-10.194823
 -11.82343
-12.129069
-10.356661
 -12.09027
-13.204938
-13.357076
-13.716324
-12.988981
-12.905255
-13.228932
-13.429233
-12.842629
-11.766591
-11.388625
-11.937109
 -10.50608
  -9.96134
 -9.952829
-10.121986
-10.467959
 -9.842893
 -8.824036
  -7.87427
 -7.469756
 -6.864602
 -7.385687
 -5.910241
 -4.675938
 -4.779066
 -5.229527
 -3.796796
 -3.986205
 -4.684957
 -4.485679
 -4.252704
 -3.910646
 -4.235856
 -3.506641
 -4.218839
 -5.021741
 -4.980047
  -5.51747
 -5.400727
 -6.307608
 -7.525404
 -6.944245
  -7.75957
 -9.959636
-10.334709
 -10.25915
 -9.957763
 -11.80454
-11.950893
-13.085813
-13.012297
-13.079857
 -12.44407
-13.300918
-13.963424
-13.635829
-12.313374
-12.326988
-13.414259
-14.078973
-11.536338
-11.666186
-11.647635
-11.316808
-11.359523
-10.046769
-10.250302
 -8.038323
 -8.238282
 -9.623705
 -7.836321
 -6.572236
 -6.543305
 -8.084951
 -5.522745
 -3.612494
  -4.70572
 -4.764771
 -3.970718
 -2.439454
  -3.42819
 -3.779098
 -2.893319
 -3.354843
 -4.380849
 -4.233474
 -2.739648
  -4.88815
 -7.228613
 -5.481053
 -3.987566
 -7.019294
 -9.102449
 -8.421052
 -7.920049
-10.363129
-11.232741
 -11.29911
 -10.95501
-11.820878
-11.944425
-11.564077
-12.844159
-14.351941
-12.441858
-11.913964
-13.861316
-13.642636
-13.478074
-11.652741
-13.514322
-11.482901
-12.776427
-11.917197
-10.416905
-11.037206
-10.806103
-10.929994
  -8.69402
 -8.186718
 -8.622885
 -8.344643
  -6.44256
 -6.481191
 -6.511823
 -5.614641
 -4.629308
 -4.413864
 -4.066701
 -3.749827
 -3.554291
 -4.450793
 -3.173263
 -2.949817
 -3.841894
 -4.376085
 -3.702687
 -3.461545
 -3.994034
 -5.891182
 -5.480201
 -6.364957
 -7.283751
 -7.583606
 -8.889384
 -9.699603
 -9.909774
-10.035025
-10.171167
-11.190706
-12.190335
-11.439338
-10.758284
-12.171957
-12.868154
-13.237442
-12.120561
-13.001916
 -13.07407
 -13.75921
-12.679088
-12.759071
-11.525959
-11.492604
-12.221308
 -11.62245
 -9.365373
 -9.601071
-11.136419
-10.668939
 -8.174635
 -6.671961
 -9.228381
 -9.200981
 -6.909189
 -4.216626
 -5.756571
 -7.517066
 -4.905849
 -4.565492
 -4.714909
 -4.461853
 -3.597686
 -3.951488
  -4.80323
 -3.720557
  -1.83498
  -3.83764
 -7.060988
  -6.15785
 -3.968336
 -5.030419
 -8.543751
 -9.397366
 -7.413937
 -6.914635
 -9.343251
-10.215075
 -9.941939
 -9.745212
 -9.682415
  -9.99231
-11.610365
-11.997013
-11.696988
-11.696817
-12.861008
-13.305343
-12.284784
 -11.88929
-12.892489
-12.610334
-12.426712
-10.887279
 -11.76676
-11.012871
-10.657198
-12.053511
-11.286858
 -8.732651
 -8.987237
-10.496208
 -9.526021
 -7.106935
 -6.468426
  -7.35046
 -8.398249
 -6.903573
 -5.170135
 -3.002061
 -5.100193
 -5.993288
 -4.406205
 -3.479073
 -3.384453
 -4.510184
 -5.245866
 -3.631552
 -3.840702
 -5.674715
 -5.287558
 -7.679247
 -7.036652
  -5.85221
 -6.839756
 -7.827132
 -8.366426
 -8.778598
 -8.600762
  -8.95303
 -9.749126
-10.329775
-10.674895
 -9.798988
 -11.57599
-12.111372
-11.748212
-10.899022
-12.530352
-12.829015
-11.545699
-11.707368
 -12.63382
 -12.04279
-11.232571
 -12.32069
-11.603219
 -9.716963
-12.008074
-11.721154
 -12.24241
-10.002352
 -7.896224
-10.447196
-10.253365
 -8.192163
 -7.025591
 -7.400323
 -7.524725
 -5.673014
  -4.99213
 -3.891927
 -4.377444
  -5.40294
 -4.235687
 -4.886277
 -4.399398
 -3.591732
 -5.146822
 -6.492762
 -5.437145
 -4.428329
 -5.475776
 -7.499027
  -7.35914
 -5.984099
 -6.019325
 -7.787989
  -9.90603
  -8.25632
 -8.076442
 -7.709708
-10.290803
   -9.8012
-10.169638
-10.922846
-11.503325
 -12.06168
-11.196323
-12.015901
-11.275456
-11.716729
-12.412756
-11.116849
-13.079518
 -11.28924
-11.579393
-11.472353
-12.326819
-12.223859
-10.338625
-11.932515
-10.896298
-10.737693
  -8.70389
 -8.031345
  -8.54256
 -8.304481
 -6.367681
 -6.535477
 -5.701092
 -5.899521
  -5.09883
 -5.923515
 -4.405695
 -3.974632
 -4.517161
 -6.608142
 -4.512055
 -3.803603
 -4.835905
  -6.96807
 -5.444464
 -5.440039
 -5.050501
 -6.889958
 -6.134025
 -5.430509
 -8.667471
 -7.682139
 -8.316564
 -7.796499
 -8.573704
-10.432053
 -8.039003
-11.088942
-11.018145
-12.032408
-11.190706
-11.566631
-12.817442
-11.072092
-11.671973
 -10.47732
-12.136048
-12.997661
 -12.14847
-12.138089
-11.222871
 -12.77728
-12.627692
-12.206332
-11.484094
-10.114158
-11.047416
 -9.131206
 -8.245769
 -6.913783
 -7.782373
 -7.230996
 -5.419788
  -6.60508
 -5.306788
 -6.022899
 -4.787404
 -5.443953
 -5.548782
  -3.81041
 -5.313256
 -4.984981
  -5.73734
 -2.982834
 -3.424106
  -6.28191
 -6.697147
 -5.407024
 -4.956051
 -5.457567
 -8.027771
 -7.185729
 -6.861879
 -8.367276
 -8.741669
-10.181379
 -9.723259
 -8.855007
-10.576363
-10.893746
-11.651379
-11.418747
-11.805902
-10.157383
-10.781598
-13.079518
-11.903413
  -11.9657
 -11.31902
-14.410481
-14.349387
-11.482562
-11.293495
-12.307757
-12.696615
-12.733884
-10.632182
 -9.549847
 -6.402228
 -8.058233
 -8.746605
 -7.963614
 -6.102372
 -6.052852
 -7.049417
 -5.877057
 -4.314139
 -4.117582
  -3.61981
 -5.547762
   -4.7161
 -4.794383
 -3.939065
 -3.717323
 -5.210638
 -4.538433
 -4.747073
 -4.427136
 -5.516789
 -7.345865
 -5.146822
 -5.506578
 -7.064221
 -10.21065
 -8.677683
 -7.964635
 -9.500155
-10.831291
 -9.918113
