 27.573019
 28.311896
 27.006094
 27.317564
 28.377382
 30.529642
  32.33159
 34.582576
 36.360432
 35.393153
 33.373386
 29.136686
 24.926734
 22.262714
  20.55037
 18.416331
 17.974241
 20.366989
 22.683026
 25.110555
 28.859911
 30.919779
 29.868436
 27.225933
 26.869035
 29.080052
   28.0544
 25.526183
  25.97409
 26.899404
 29.911669
 32.363409
 35.763766
 37.359623
 37.642376
    35.592
 33.997749
  32.99238
  30.82065
 28.496162
 23.496667
 19.387981
 19.247496
 19.797428
 21.660676
 24.440568
 27.022825
   28.9421
 33.595643
 38.580702
  42.25614
 43.255239
  41.27323
 37.883981
 35.562994
 31.889694
 27.833056
 27.582678
 32.477066
 36.059726
 36.262715
 36.270395
 36.109801
 34.152565
 32.712942
 30.130807
 25.584519
 21.903316
 21.029435
 22.598796
 23.123136
 23.749325
 26.474038
 27.528925
 28.982819
   30.6319
 31.450161
 31.775602
 31.126022
 28.367548
 25.057482
 24.151763
 26.182351
 25.839488
 25.226486
 27.049905
 29.474508
 28.280703
 24.906295
 23.742134
 23.083395
 23.833653
 24.691163
 25.160546
 24.372966
 23.461834
 24.138659
 24.710776
  25.16553
 26.050659
 26.965557
 28.195133
 30.023139
 30.072644
 29.292014
 27.760573
 26.631717
 25.751106
 25.616363
 26.023737
 27.669378
 28.802645
 29.356285
 30.720989
  31.43764
 32.368433
 32.994202
 32.856864
 31.592893
 31.020461
 29.940182
  28.23401
 27.614215
 28.106732
 29.597071
 31.341478
 32.854803
 32.964258
 32.593134
 31.820057
 30.239304
 28.496341
 28.041627
 27.550976
 27.628443
 28.283245
 28.864694
 29.118428
 29.295033
 29.868966
 29.913014
 30.952327
 31.689027
 30.748162
 29.264142
 27.924911
 26.444617
 26.220752
 27.667468
 29.103695
 29.587053
 28.861389
 27.552714
 27.483859
 27.783986
 26.816411
 25.712032
 25.957654
 26.506461
 27.129236
 27.600369
 28.188852
 28.388131
 28.109789
 27.439023
 26.773643
 26.457836
 26.746381
 27.067833
 27.028402
 27.326055
 27.963883
 28.545148
 28.371383
 28.295914
 29.043552
 29.806705
 29.765998
 29.380858
 29.398948
 28.788406
 28.007773
 27.904808
 28.344603
 28.475128
 28.430907
 28.451019
 27.983023
 28.199738
 28.937442
  29.20995
 29.263164
 29.839169
 30.170541
 29.750944
 29.031597
 27.806223
 27.569399
 27.484953
  28.27472
  29.35535
 29.456597
 29.522101
 29.315141
 29.573796
 29.416502
 28.940184
 28.520715
 28.466996
 28.319953
  28.13765
 28.445337
 29.336249
 29.215066
 27.892898
  27.34676
 28.140167
 29.247894
 29.367152
 29.448932
 29.394871
  29.73364
 29.793978
 29.280708
 28.643363
 28.257608
 27.918961
 27.275787
 27.476377
 28.357768
 29.363697
  29.13028
 28.983069
 29.221528
 29.463038
 28.964446
 28.102542
  28.31938
 28.923534
 28.939065
 29.185775
 29.300456
 28.851175
 28.168305
 28.106039
 29.122212
 29.348785
 28.392565
 27.919611
 28.486437
 28.960389
 29.068189
 29.322723
 29.416218
 29.165746
 28.940362
 28.288138
   28.5843
 28.770607
 28.578893
 28.021978
  27.42447
 27.645085
 28.482253
 29.002737
 29.089335
 28.919324
 29.054878
 29.087262
 28.811991
 28.917568
 28.789944
 28.138163
 28.329332
 28.326068
 28.004253
 27.535476
  28.06648
 28.732133
 28.993202
 29.742064
 30.203202
 29.923752
  29.15447
 28.213672
 28.343981
 28.563037
 28.536761
 27.864841
 27.546925
 27.526849
  27.41604
 27.607992
 27.747214
 28.351515
 29.188823
 29.464051
 29.826388
 29.594153
 29.371475
  28.59899
 28.221534
  28.42792
 28.820651
 28.638703
 28.373779
 28.212075
 27.198693
 27.280043
 27.881759
 29.088444
 30.063596
 30.077472
 29.536652
 28.873323
 28.532932
 28.206217
  28.62974
 29.126309
  29.19302
 28.801071
  28.25554
 27.498919
 27.698224
 28.276567
 28.896219
 29.219639
  29.89416
 30.294612
 29.638121
 29.021022
 28.442696
 27.999713
 27.297186
 27.612875
  27.64357
 28.259262
 28.502926
  28.23969
 27.983616
 27.714763
 27.892024
 28.415193
 29.725458
 30.095939
 29.430087
 29.606952
 29.521961
 29.562396
 29.538026
 29.400985
 29.238353
 29.099791
 28.584456
 28.210179
 28.019354
 27.395935
 26.844619
 26.581666
  26.86678
 27.213441
 27.174351
 27.038026
 27.010402
 27.386372
 28.625148
 30.071142
 30.907026
 31.532397
 31.777629
   31.8148
 31.692816
 30.776922
  28.98472
 27.681595
 26.857181
 25.509567
 25.214301
 25.523112
 26.451562
 26.408538
 26.382195
 26.687845
 27.666875
 28.415659
 28.611933
 28.706024
 29.343314
 29.782243
 29.627671
 29.818584
 29.964655
 30.662097
 30.922241
 31.403147
  31.56911
 30.870845
 29.779859
  28.38698
 26.760703
 25.313786
 24.270515
 23.252469
  22.60572
 22.390759
  22.52212
 23.011027
 23.959581
 25.769146
 27.454723
 29.320128
 31.307939
 32.564024
 33.099579
  33.47714
 32.925486
 32.166357
 31.716679
 31.086237
 30.245678
 29.576792
 28.904348
  28.52037
 28.147477
 27.991914
 27.804608
 27.348111
 27.011731
   26.7399
 26.305671
 26.887283
 27.854578
 29.087549
 30.718123
 32.450564
 33.030858
  32.99753
 33.063874
 33.363384
 33.300288
 32.973558
 33.306171
 33.839971
 33.615984
 33.466408
 33.597762
 32.868355
 31.393573
 29.944747
 29.094598
 28.308223
 28.009113
 28.008975
 28.164896
 27.963944
 28.351914
 28.491738
 28.685796
 28.232981
 27.971416
 28.082657
  27.48129
 27.371904
 27.317295
 27.354987
  27.47896
 27.356744
  26.47161
 25.571954
 24.988139
 25.126337
 25.449861
 25.732644
 26.243664
 26.429325
 26.286354
 26.447949
 26.823038
 26.768606
 26.421536
 26.376063
 26.506774
 26.869854
 26.894308
 26.620602
 26.361097
  25.89938
 25.352169
 25.275834
 26.080277
 27.183656
 27.651584
 27.680532
 27.809596
 28.202968
 28.464471
 28.874513
 29.679167
  30.30549
 30.875618
 31.265067
 31.466496
 31.442661
 31.386023
 31.746377
 31.050926
  30.73123
 30.489169
 31.071759
  31.46452
 31.460686
 31.151167
 30.549173
 30.200735
 29.278866
 28.389486
 27.908262
 28.557678
 29.028827
 29.218063
 29.582578
 30.164127
 30.371942
 30.058357
 29.848406
  29.64086
 29.102695
 28.093068
 28.366618
 28.751736
 28.833235
 28.289987
 27.702432
 27.158379
 26.678078
 26.526912
 27.036193
 28.045866
 28.240996
  28.04473
 27.760867
 27.300381
 27.212072
 26.889651
 26.586067
 26.457035
  26.50325
 26.306139
 26.343333
 26.451488
 27.113064
  27.43213
 27.611891
  27.99896
 28.219749
  28.42585
 28.267175
 28.655654
 28.751326
 28.320375
 27.915062
 27.924779
 28.353392
 28.571824
 28.849613
 29.468232
 29.781889
 29.715433
 29.581493
 29.296042
 28.938119
 28.824556
 29.034513
 29.113297
 28.914176
 28.895662
 29.136235
 29.812645
 29.974773
 29.943558
 29.476038
 28.966764
 28.861765
 29.021149
 29.009001
 28.924339
 28.669313
 28.245779
  27.88172
 27.862534
 28.192778
 28.553518
  28.81318
 28.923113
 29.116614
 29.466235
 29.593316
 29.569768
 29.364085
 29.275422
 28.956584
 28.854097
 28.841009
 28.879504
 28.836767
 28.543648
 28.210329
 27.864133
 27.891841
 27.653993
 27.781739
 28.020361
 28.019932
 28.207247
 28.508045
  28.75273
 29.079072
 29.288547
 29.284774
 29.151004
 28.761053
 27.922557
 27.583794
 27.871467
 28.244367
 28.480187
 28.674065
  28.62652
 28.742709
 28.961631
  29.15032
  29.23849
 29.169091
 29.010417
 28.643645
 28.243724
 27.820848
 27.892442
 28.009879
 28.526687
   28.7721
 28.888421
 29.035384
  29.16852
 29.157349
 29.397236
 29.611569
 29.370898
 28.926506
 28.374591
 27.777881
 27.647138
 27.823041
 28.165908
 28.813599
 29.050059
  29.33301
 29.947167
 29.999749
 29.818572
 29.549436
 29.110075
 28.816779
 28.664942
 28.815973
 28.774205
 28.447747
 27.920902
 27.871871
 28.182355
  28.42592
 28.667054
 28.711091
 28.741893
 28.744464
 28.776796
 28.415081
 28.375868
 28.445426
 28.332349
 28.364295
  28.43631
 28.546579
 28.509831
  28.42008
 28.213285
 28.382009
 28.231926
 28.182176
 28.311991
 28.405863
 28.714506
 28.972865
 29.156943
 29.138567
 28.880793
 28.481548
 28.527807
 28.437061
 28.402545
 28.498488
 28.254591
  28.21861
 28.427453
 28.558453
 28.735105
 28.924539
  28.76486
 28.786584
 29.044347
  29.43182
 29.664977
 29.618882
 29.355703
 28.907266
 28.142095
 27.563309
 27.589308
 27.538582
 27.569093
 27.866483
 28.137726
 28.275194
 28.529242
 28.438837
 28.564374
 28.785097
 28.933449
 29.136341
  29.39877
 29.861624
 30.288296
 30.246924
 30.092221
  29.54575
 28.931959
 28.121861
 28.005533
 27.622303
 27.356069
 27.215805
 27.059005
 27.211287
 27.343564
 27.360409
 27.496399
 27.967792
 28.349554
 28.706894
 29.181971
 29.862573
 30.035482
  30.12815
 30.195987
 29.995859
  29.74647
 29.454579
 29.470982
 28.980005
 28.301941
 27.713181
 27.184377
 26.848022
  26.57953
 26.097529
 25.977332
 25.806787
 25.775161
 26.001015
 26.702096
  27.77539
 28.983898
 30.097117
 30.844369
 31.497509
 31.895208
 31.705313
 31.377636
 30.839654
 30.099969
 29.348551
 28.198053
 27.176952
 26.435674
 25.932744
 25.898685
 25.933308
 25.846412
  25.73284
 25.841004
 26.288986
 26.621283
 27.099428
 27.521833
 27.741561
 28.346898
 28.881462
 29.476325
 30.166503
 30.552833
 30.535695
 30.633377
 30.689486
 30.520177
 30.226533
 29.808291
 29.821727
 29.675822
 29.398218
 29.041331
 28.794146
 28.569304
 28.352562
 28.500837
 28.730347
 29.034566
 29.548118
 30.163322
 30.601437
 30.715271
 30.732554
 30.572541
  30.49585
 30.870046
 31.022266
  31.53456
  31.87548
 31.990464
 31.869209
  31.77505
 31.881816
 31.910617
 31.677111
 31.466949
   31.1159
 30.729328
 30.189314
 30.300961
 30.028269
 29.731759
 29.291878
 29.161764
 28.643869
 27.988844
 27.486501
 26.952163
 26.598268
 25.842922
 25.393253
 25.229645
 25.257298
 25.216785
 25.323176
 25.806701
  26.15803
 26.538799
 26.901664
 27.284451
 27.466313
 27.413835
 27.208186
 26.871463
 26.897948
 26.686064
 26.252803
 25.922985
 25.766788
 25.456217
 25.229511
 25.362837
 25.838713
 25.907263
 25.769746
 25.994231
 26.309902
 26.525606
 26.574675
 27.171792
 27.762557
 28.330783
 28.542073
 29.050109
 29.703092
 30.227728
 30.916612
 31.473778
 31.635837
 31.454784
 31.326652
 31.162272
 31.292707
 31.523926
 31.097818
 30.697808
  30.25063
  30.26395
 30.392315
 30.503085
 30.714275
 31.069872
 30.701071
 30.561481
 30.616916
 30.663044
 30.521843
 29.984573
 30.023024
 29.775016
 29.480984
 29.101452
 29.124311
  29.00927
 28.691975
 28.733807
 28.822209
 28.538988
 28.510731
 28.610638
 28.264521
 28.129027
 28.083948
 27.485436
 27.020166
 27.256876
 27.462656
 27.459677
 27.178594
 27.079053
 26.727613
 26.769976
 26.756504
 27.082627
 27.216394
 26.938366
 26.615585
 26.699758
 26.921621
 27.094947
 27.111141
 27.232443
 26.953855
 27.123175
 27.425104
 27.760972
 28.051055
 28.313871
 28.295359
 28.229486
 28.337188
 28.224433
  28.18917
 28.393199
 28.469395
 28.931217
 29.225837
 29.319837
 29.033487
 29.309069
  29.56176
 29.669161
 29.904287
 29.748337
  29.47121
 29.154562
 29.057908
 28.938176
 28.667243
 28.423169
 28.409165
 28.235082
 28.072467
 28.392329
 28.989524
 29.181772
 29.250855
 29.673909
 29.978569
 30.011063
 29.839678
 29.657095
  29.33886
 29.037347
 28.952044
 29.053148
 28.920592
  28.59949
 28.594808
  28.52285
  28.57159
 28.623923
 28.804302
 28.984777
 28.846848
 28.979961
 28.920759
 28.809592
 28.722595
 28.778583
 28.784138
 28.651665
  28.65806
 28.458006
 28.419116
 28.451296
  28.57181
 28.574251
 28.590013
  28.37884
 28.301573
 28.240037
  28.15264
 28.117098
 28.033315
 27.919549
 27.671357
 27.875918
 28.207013
 28.605475
 28.927103
 29.121606
 29.180807
  29.10188
 29.117559
 29.057965
 28.984873
 28.717772
 28.503948
 28.351615
 28.213696
 28.170168
 28.329833
 28.556917
 28.602806
 28.373534
 28.380597
 28.464241
 28.540017
 28.730688
  28.85473
 28.865275
 28.813483
  28.83748
 28.775699
 28.706314
 28.736746
 28.787611
 28.858413
   28.6366
 28.554099
 28.624889
 28.865247
  28.97673
 29.097445
 29.059017
 29.097573
 28.852628
 28.846863
 28.781111
 28.805319
 28.845531
 28.634235
 28.343284
 28.128088
 28.109899
 27.994431
 28.149762
 28.320255
 28.229297
 28.242035
 28.326617
 28.631278
 28.840046
 29.041883
 29.023882
 29.054382
 28.989666
  28.77884
 28.779112
 28.869435
 28.951142
   28.6523
 28.444446
 28.415697
 28.319382
 28.459621
 28.679369
 28.853609
 28.672996
 28.749976
 28.897291
 28.918118
 29.260178
 29.274896
 29.296989
  29.12954
 29.047349
 28.821075
 28.627549
 28.448792
 28.420757
 28.199782
 27.991451
 27.869723
 27.907982
 27.832437
 27.819654
 28.031181
 28.131031
 28.220721
  28.37133
 28.732439
 28.897261
 29.052705
 29.198438
 29.369345
 29.375225
 29.442557
 29.602132
 29.468965
  29.13834
 28.715494
 28.232529
 27.995251
 27.889457
  27.63655
  27.43351
 27.227703
 27.004345
 26.902939
 26.995835
 27.504412
  27.98242
 28.339091
 28.826887
 29.349278
 29.824264
 30.155742
 30.435341
 30.585102
 30.290184
 29.773421
 29.168613
 28.499876
 27.977371
 27.630239
 27.355508
 27.118032
 26.837623
 26.753697
 26.680139
 27.007797
 27.257219
 27.455467
 27.722235
 27.953408
 28.152457
 28.250607
 28.810664
 29.179237
  29.61905
 29.758191
 29.729661
 29.862553
 29.878346
 29.756794
 29.504995
 29.281035
 28.937831
 28.373569
 28.015065
  27.65955
 27.352605
 27.093395
   27.0679
 26.952648
 26.975526
 27.288238
   27.6793
 27.788977
 28.019246
  27.86446
 27.961507
 28.085118
 28.400509
 28.668994
 28.937481
 29.341652
 29.580604
 29.866171
 30.057746
 30.433539
  30.57309
 30.660619
  30.46116
 30.265312
 30.043192
 29.764043
 29.650122
  29.59426
 29.540208
 29.317212
  29.24657
 29.158911
 29.139627
 29.246037
 29.518202
 29.699393
 29.649729
 29.694621
 29.836671
 29.971318
 30.396394
 30.808868
  31.14878
  31.54506
 31.736425
 31.962764
 32.120727
 32.236736
 32.234221
  31.82349
 31.308029
 30.751523
 30.265296
 29.828396
 29.225815
 28.711526
 27.965145
 27.285742
 26.793523
 26.557913
 26.618311
 26.515671
 26.367777
 26.374544
 26.441494
 26.397906
 26.645032
 26.805851
 26.813985
 26.792894
 26.752872
 26.881697
 26.765772
 26.877638
  26.73321
 26.652681
 26.442962
 26.199279
 26.069318
 26.053148
 25.991762
 26.147795
 25.822746
 25.834089
 25.586713
 25.682191
 25.895408
 26.110771
 26.411501
 26.688752
 26.939087
 27.193943
 27.659917
 28.128019
 28.494668
 28.815937
 28.999318
 29.037083
 29.331915
 29.650341
 30.181698
 30.183026
    30.368
 30.514636
  30.64008
  30.65614
  31.01721
 31.267425
  31.44046
 31.481403
 31.325327
 31.138098
  31.03522
 30.999137
 30.753276
 30.619422
 30.289908
 30.073009
 30.038926
 30.063888
 30.080924
  30.09676
 29.971052
  29.66958
 29.445559
 29.309976
 29.185792
 29.039549
 28.893643
 28.697328
 28.435907
 28.410074
 28.444578
 28.455831
 28.420223
 28.442179
 28.083363
 27.907976
 27.787606
 27.655176
 27.673267
 27.437889
 27.345357
 27.226047
 27.107092
 26.992897
 27.176122
 27.255027
  27.22389
 27.139029
 27.166475
 27.240055
 27.123568
 27.151708
  27.18537
 27.388417
 27.434714
 27.474997
 27.460095
 27.756453
 27.839427
 28.182107
 28.449787
 28.487395
 28.737448
 28.789793
 28.993689
 29.297442
 29.491831
 29.372361
 29.396444
 29.334274
 29.216406
 29.147049
 28.914681
 28.828596
 28.641822
  28.34509
 28.294293
 28.490153
 28.765276
 29.004327
 29.056317
 29.146907
 29.206568
 29.289872
 29.372596
 29.357889
   29.2372
 29.058626
 28.811615
 28.582507
  28.56801
 28.585552
 28.678814
   28.7103
 28.594238
  28.42735
 28.574609
 28.569795
 28.658519
 28.774369
 28.658168
 28.582849
 28.424889
 28.501213
  28.78327
 28.907969
 29.080532
 29.027356
 28.899051
  28.89335
 29.008587
 28.968002
 28.882973
 28.786841
 28.486185
 28.240162
 27.973598
  27.97862
 28.042794
 28.084853
 28.144919
 28.096073
 28.382544
 28.404503
 28.825389
 29.110795
 29.239815
 29.160673
 29.147098
 29.083416
 28.949082
  28.89204
 28.997609
 28.919576
 28.737794
 28.747229
 28.788445
 28.897734
  28.95665
 28.958192
 28.889464
 28.911606
 28.861698
 28.841235
 28.918133
 28.855058
 28.772405
 28.711286
  28.60129
 28.454101
 28.497343
 28.474959
 28.559978
 28.559245
 28.342487
 28.351693
 28.339891
 28.344194
 28.689829
 28.746401
 28.770329
 28.841604
 28.794785
 28.830978
 28.958655
 28.965696
 28.842478
 28.573219
 28.337502
 28.084802
 28.064252
 28.021711
 28.006656
  28.01123
   27.9879
 27.851532
 27.945596
 28.180604
 28.407835
 28.604026
 28.736562
 28.724318
   28.6236
 28.648097
 28.732605
 28.737045
 28.696486
  28.56059
 28.461271
 28.431221
 28.468975
 28.485256
  28.68387
 28.647061
 28.691117
  28.55362
 28.534354
 28.641206
 28.699786
 28.918491
 28.847485
  28.97747
 29.100378
 29.163023
 29.285217
 29.456192
 29.488522
 29.343657
 29.189591
 29.159577
 28.906528
 28.696794
 28.435789
  28.23389
   27.9022
 27.509601
 27.508507
 27.766748
 27.966129
 28.206016
 28.497539
  28.77944
 29.165302
 29.179728
 29.666379
 29.874932
 30.045602
 29.891321
 29.497146
  29.20816
 28.989189
 28.815702
 28.598834
 28.236732
 27.830784
 27.521357
 27.287282
  27.27479
 27.437375
 27.489667
 27.580741
  27.62504
 28.026969
 28.050989
 28.536176
 28.799865
 28.937658
 29.092974
 29.052215
  29.09901
 29.395699
 29.208418
 29.201416
 29.170656
 28.893356
 28.388533
 28.170475
 27.927808
 27.584094
 27.452366
 27.097865
 26.835298
  26.69393
  26.70803
 27.101465
 27.379296
 27.699189
 27.996849
 28.145593
 28.444749
 28.609866
  28.85753
 28.979075
 29.030108
 29.031208
 29.123888
 29.187709
 29.324247
 29.484825
  29.62116
 29.312969
 29.207131
 29.030821
 28.678632
 28.424883
 28.297134
 28.056461
 27.556991
 27.433949
 27.208306
 27.228016
  27.53153
 27.654474
 27.979861
 28.170387
 28.449339
 28.628688
 29.023202
 29.400554
 29.645735
 29.733265
 30.062086
 30.119092
 30.172297
  30.38483
 30.581028
 30.585347
 30.390831
 30.228763
 30.069458
 29.706963
 29.575287
 29.511069
  29.26276
 29.004987
 28.781642
 28.791975
  28.81013
 29.050198
 29.248122
 29.571732
 29.744211
 30.001555
 30.340607
  30.73814
 31.060607
 31.118088
 31.282281
 31.157699
 31.162431
 31.216261
 30.978313
 30.809677
 30.611671
 30.204216
  29.87768
 29.562275
 29.319801
 29.024391
 28.724538
 28.352315
 28.176903
 27.813134
 27.533142
 27.365837
 27.198823
 27.071035
 26.874131
 26.630424
  26.33829
 26.455651
 26.392567
 26.486666
 26.463296
 26.439011
  26.34594
 26.394828
 26.487607
 26.589607
 26.568499
  26.58264
 26.504008
 26.531107
 26.432328
 26.548853
  26.57729
 26.681835
 26.613362
 26.511799
 26.370162
 26.539277
 26.496373
 26.539325
 26.679463
 26.700488
 26.879621
 27.078715
 27.414395
 27.788262
 28.241946
 28.686977
 29.010177
 29.382539
 29.656474
 29.972363
 30.352931
 30.511405
 30.584404
 30.630451
 30.809129
 30.846567
 30.990394
 31.143216
 31.007581
 31.027869
 30.932188
  30.88918
 30.710705
 30.749957
 30.650946
 30.441016
 30.323521
 30.116427
 29.912077
 29.900371
 29.883039
 29.753377
 29.725522
 29.318281
 29.112677
 28.955203
 28.910904
 28.832731
 28.769182
 28.451075
 28.190799
 28.144523
 28.149488
 28.105388
 28.018074
  27.96223
 27.822944
 27.722099
 27.623527
 27.691253
 27.649328
 27.432172
 27.395662
 27.194902
 27.157143
 27.054995
 27.105554
 27.135322
 27.098764
 27.020464
 26.912136
 26.882189
  26.95593
 27.270851
 27.415296
 27.612469
 27.837216
  27.86545
 28.131019
 28.535734
 28.881365
 28.998074
 29.087361
 28.907574
 28.848592
 28.957894
 29.078222
 29.179225
  29.13786
 29.104468
 29.080357
 29.271588
 29.422962
 29.496219
 29.655568
 29.724871
 29.491801
 29.337638
 29.282002
 29.408404
 29.443707
 29.320719
 29.277053
 29.229813
 29.162229
 29.058345
  29.17576
 29.236869
 28.939886
 28.831492
 28.639854
 28.502753
 28.286973
 28.392473
 28.453477
 28.425499
 28.410809
 28.450077
 28.345184
 28.570111
 28.842288
 28.978726
 28.968357
 28.826867
 28.681049
 28.441142
 28.379375
 28.391715
 28.443393
 28.132301
 27.859119
 27.810034
 27.930744
 28.045133
 28.178693
 28.182666
 28.221473
 28.264959
 28.272925
 28.290968
 28.394456
 28.397826
 28.501742
 28.492971
 28.441453
 28.470045
 28.505406
 28.421246
 28.530282
  28.58636
 28.437743
 28.488926
 28.687973
 28.785954
 28.869557
 28.932909
 28.983475
 29.067207
 28.973908
 29.176282
 29.372594
 29.218094
  29.07505
 28.931905
 28.909263
 28.808546
   28.7316
 28.740166
 28.703812
 28.627067
 28.560996
  28.50534
  28.60784
 28.686344
 28.948498
 28.853596
 28.996485
  29.00943
 28.978791
 29.105619
 29.226665
 29.117915
  28.96149
   28.8357
 28.730403
  28.59309
 28.659438
 28.634418
 28.509951
 28.643534
 28.442824
 28.298551
 28.311797
 28.453244
 28.434127
 28.406759
 28.334837
 28.355466
 28.364868
  28.44636
 28.673895
 28.630381
 28.600922
 28.630286
 28.690641
 28.565318
  28.51641
 28.505461
 28.350446
 28.181828
 27.980164
 27.820747
 27.877839
  27.99003
 28.159555
 28.155779
 28.261065
 28.433124
  28.72254
 28.854761
  29.22233
 29.384584
 29.486836
 29.376735
 29.207984
 29.071644
  29.00963
 28.863518
 28.693122
 28.382097
 27.967526
 27.924312
 27.796304
 27.894369
 28.038585
 27.986855
 28.106545
 28.175991
 28.187613
 28.425247
 28.988196
 28.981117
 29.138666
 29.298596
 29.351434
  29.53852
 29.594375
 29.678054
  29.59686
 29.439527
 29.154358
 28.923529
 28.661901
 28.578361
 28.417273
 28.191768
 27.872577
 27.743715
 27.449607
 27.630986
 27.805151
 27.979316
 28.103345
 28.178941
 28.458038
 28.610895
 28.886374
 29.063137
 29.156399
 29.069556
 28.938501
 28.880265
 28.954891
 28.886074
  28.87575
 28.675763
 28.428384
 28.311058
 28.180764
 28.094138
 27.991836
 27.921454
 27.678264
 27.332832
 27.308355
 27.283693
 27.305852
 27.497101
 27.680701
 27.857101
 27.974942
 28.194049
 28.483738
 28.781015
 29.075381
 29.153105
 28.980859
 29.176105
 29.195032
 29.071674
  29.28534
 29.172854
 29.096575
   28.8161
 28.575956
 28.511062
 28.278391
 28.257821
 28.122897
 27.922649
 27.700386
 27.694897
 27.918554
 28.023602
 28.227165
 28.439258
 28.514235
 28.857427
 29.001391
 29.265831
  29.64005
 29.863067
 29.941084
 29.922531
 29.880539
 29.909219
 30.061141
 30.047875
 30.114406
 29.989873
 29.737169
 29.832003
  29.87024
 29.578766
 29.545646
 29.682703
 29.539351
 29.540882
 29.589947
 29.486192
 29.627648
 29.760992
 29.775044
 29.707077
  29.74497
 29.851678
 30.158502
 30.174005
 30.229356
 30.344477
 30.219601
 30.296766
 30.310914
    30.305
 30.438067
 30.350072
  30.19744
 29.950177
 29.710113
 29.388441
 29.310886
 28.771918
 28.301707
  27.98013
 27.568142
 27.229659
  26.94106
 26.719156
 26.611104
 26.418905
 26.041516
 26.066308
 26.079221
 26.219562
 26.424985
 26.534555
 26.555176
 26.665433
 26.826638
 26.905446
 27.126116
 27.130303
 27.126492
  27.00333
 26.877709
 26.676625
 26.569725
 26.477442
 26.456514
 26.304552
 26.180844
 26.116613
 26.371093
 26.757901
 26.979336
  27.22686
 27.401283
 27.620368
 27.971015
 28.286891
 28.756438
 28.918023
 28.992743
 29.211258
 29.578904
 29.697054
 29.888762
 30.086467
 30.376327
 30.360246
  30.46338
 30.396187
 30.675737
 30.658427
 30.902786
 30.922121
 30.901133
 30.780532
 30.765762
 30.829517
 30.966584
 30.789025
 30.663214
 30.465123
 30.226427
 29.964202
 29.874823
 29.667019
 29.572831
 29.250737
 28.959092
  28.65021
 28.642723
 28.637665
  28.52415
 28.373467
 28.294461
 28.224013
  28.08007
 28.076013
 28.165211
 28.137329
 27.951717
 27.745128
 27.512658
 27.504354
 27.258642
  27.21088
 27.159766
 27.033254
 26.891708
 26.825348
 26.780643
 26.983112
 27.177047
 27.099322
 27.175255
 27.244857
 27.244197
 27.368507
 27.643846
 27.650676
 27.746155
  27.81357
 27.912184
 28.027419
 28.348841
 28.497976
 28.719276
 28.888935
 28.860233
 29.127108
 29.145254
 29.332261
 29.531296
 29.602364
 29.448635
 29.517122
 29.539103
 29.736119
 29.808741
 30.056934
 29.908113
 29.718235
 29.702826
 29.694043
 29.580998
  29.41852
 29.360508
 29.267196
 28.972296
 28.904214
 28.915244
  29.06523
 29.147167
 29.078067
 29.071202
 28.979608
 29.037885
  28.94642
  29.17665
 29.168359
 28.982718
 28.799002
 28.608646
 28.610279
 28.620823
 28.495007
 28.484427
 28.439947
 28.212541
 28.208583
 28.114679
  28.21951
 28.234656
 28.371839
 28.369957
 28.307937
  28.28929
 28.320982
 28.603583
 28.626813
 28.513678
 28.511504
 28.281294
  28.31877
 28.235882
 28.031936
 28.065953
 28.011844
 27.828541
 27.810746
 27.897919
 28.180953
 28.310386
 28.498939
 28.517116
 28.586173
 28.689967
 28.770375
 28.976908
 28.984397
 28.933053
 28.755054
 28.765636
 28.711907
 28.769762
  28.72034
 28.732243
 28.719449
 28.498373
 28.469731
 28.429892
 28.551102
 28.541644
   28.4083
 28.663859
 28.579383
 28.460599
 28.617699
 28.838571
  28.86015
 28.887742
 28.869379
 28.806075
 28.794102
 28.914353
 29.122218
 29.088182
 28.924844
 28.697531
 28.668925
 28.558675
 28.617473
 28.408518
 28.437934
 28.420881
 28.522241
 28.429375
 28.505078
   28.9305
 28.998472
   28.9626
 28.948243
   28.7644
 28.783639
 28.848257
 28.619269
 28.625563
 28.405269
 28.159383
 28.110647
 28.128663
 28.192182
  28.25661
 28.445308
 28.287013
 28.507983
 28.378525
 28.474537
 28.859156
 28.847987
 28.956567
 28.911196
 28.857544
 29.054987
 29.180558
 29.337583
   29.3214
 29.259615
 28.996874
 28.976432
 28.753197
 28.686279
 28.640907
 28.283847
 28.176931
 28.054958
 27.974189
 27.950185
 28.241954
 28.223274
 28.263211
 28.346975
 28.290002
 28.552522
 28.655374
 28.910974
 29.001731
 29.092521
  28.90226
 28.965123
 28.898263
 29.066557
 29.125073
 28.967736
 28.770656
 28.514754
  28.50257
 28.324801
 28.292453
 28.290845
 28.041292
 27.957913
 27.760115
 27.695392
 27.705215
 27.866336
 27.944619
 28.041317
 27.981527
 28.045513
 28.240244
 28.519462
 28.704888
 28.781022
 28.907573
 28.865194
 28.778307
 28.815421
 29.018535
 28.904792
 28.764382
 28.660995
 28.408343
 28.309773
 28.208577
 28.183224
 28.050023
 27.893371
 27.752996
 27.741102
 27.837193
 28.024151
 28.165623
 28.223451
 28.344593
 28.488775
 28.545958
 28.683364
 29.082633
 29.191134
 29.217453
 29.178552
  29.10981
 29.217561
 29.294784
 29.268158
 29.217548
  29.10809
 28.892282
 28.729667
  28.67291
 28.690556
 28.687371
 28.537366
 28.425795
 28.461561
 28.275833
 28.264505
  28.51356
 28.622028
 28.589042
 28.634242
 28.521799
 28.836558
 29.033459
 29.313234
 29.415854
  29.57246
 29.452299
 29.588661
 29.878757
 30.018542
 30.140275
 30.174312
 30.185827
 30.025339
 29.965436
 29.779088
 29.990018
   29.7483
 29.481224
 29.255866
 29.001092
 28.867771
 28.983164
 29.020677
 29.011079
  29.11606
 28.964059
 29.133342
 29.321248
 29.666562
 29.916888
 30.020677
 30.256567
 30.143173
 30.229846
 30.375471
  30.44095
 30.371494
 30.161954
   29.6445
 29.402725
 28.929344
 28.697794
 28.252745
 27.993847
 27.630142
  27.09386
 27.037322
 26.805112
 26.764735
 26.882918
 26.915094
 26.825941
 26.890211
 26.878645
 26.932511
 27.109508
 27.203941
 27.160605
 27.096002
 26.968241
 27.050947
 26.967253
 26.825912
 26.827541
 26.670794
 26.435419
 26.492739
     26.51
 26.776557
 26.859945
 26.836828
  26.89702
 26.982738
 27.129272
 27.200763
 27.659843
 27.851256
 28.018056
 27.972043
 28.008867
 28.303582
 28.530258
  28.65069
 28.777457
 29.014535
 28.908424
 29.124955
 29.276709
 29.687489
 29.949887
 30.073928
 30.286552
 30.404352
 30.570522
 30.717939
 31.057507
 31.201542
 31.096588
 31.111708
 30.943542
  30.81308
 30.727757
  30.65946
 30.445687
 30.329544
 29.864985
 29.718196
 29.504741
 29.473207
  29.39455
 29.236067
 29.099189
 28.745316
 28.768976
 28.646802
 28.715874
 28.678239
 28.360788
  28.24786
  28.01747
 27.835154
 27.866565
 27.668415
 27.619839
 27.629497
 27.292197
 27.192746
 27.290898
 27.220699
 27.328456
 27.257662
 27.155249
 27.050609
 26.910658
 26.834501
 27.104548
 27.092216
 27.140577
 27.190918
 27.069239
 27.264123
  27.35591
 27.499112
 27.806358
  27.87647
 27.840825
 27.925318
 28.182585
 28.392743
 28.658743
 28.795399
 28.921268
  29.08401
 29.227792
 29.339881
 29.689113
 29.732481
 29.694177
 29.718334
 29.560118
  29.58549
 29.651873
 29.498346
 29.685619
 29.622646
 29.462156
 29.414816
 29.451287
 29.589573
 29.584828
 29.566795
 29.559284
 29.465175
 29.413044
 29.234087
 29.550371
 29.427982
 29.266217
 29.174334
 28.922474
 28.842878
 28.752073
 28.758077
 28.649738
 28.562129
 28.272456
 28.226911
 28.295607
 28.462445
 28.702448
 28.640497
 28.627764
 28.723405
 28.645932
   28.7147
 28.916708
 28.854522
 28.763279
 28.575497
 28.315328
 28.397303
 28.203276
 28.268329
 28.160968
 28.327441
  27.83213
  27.89866
 28.022038
 28.083388
 28.311636
 28.347179
 28.263563
 28.270002
 28.338205
 28.418332
 28.684221
 28.785713
 28.788215
 28.722992
 28.824448
 28.754643
 28.842323
 28.908644
 28.848401
 29.002416
 28.685699
 28.551113
 28.405674
 28.573691
 28.595141
 28.543273
 28.493396
 28.474566
  28.47146
 28.469902
 28.693315
 28.855163
 28.880925
 28.782533
 28.640221
 28.725473
 28.734515
 28.723175
 28.669437
 28.677157
 28.452428
  28.34172
 28.330424
 28.465954
 28.571188
  28.55431
 28.445904
 28.361661
 28.441518
  28.45113
 28.720291
   28.6948
    28.597
 28.523535
    28.409
 28.370823
 28.408718
  28.57001
 28.595033
 28.602409
 28.342268
 28.383464
 28.369593
 28.340663
  28.45854
 28.443805
 28.366398
 28.256554
 28.122515
 28.015899
 28.353023
 28.464943
 28.459153
 28.428603
 28.552017
 28.480897
 28.652387
 28.736029
 28.980697
 29.047571
 28.882565
 28.941819
 29.086168
 29.184494
 29.286798
 29.311507
 29.141787
 29.045388
 28.958637
  28.77329
 28.961081
  28.82062
 28.716714
  28.64512
 28.467258
 28.472344
 28.460636
 28.468808
 28.502673
 28.644531
 28.393416
 28.645957
 28.599846
 28.772669
 29.042492
 29.046347
 29.027138
 29.092206
 29.078512
 29.004912
 29.090469
 29.086328
 28.985792
 28.794479
 28.595947
 28.314262
 28.187493
   28.2011
 28.109606
 27.986687
 27.607803
 27.636659
 27.529753
 27.780763
 27.855856
 27.850473
 28.012002
 28.039868
 28.171022
 28.163218
 28.636943
 28.660359
 28.576087
 28.580157
 28.585593
 28.509998
 28.565033
 28.583374
 28.502855
 28.516062
 28.109882
 28.092082
 27.910779
 28.048318
 28.062924
  27.97691
 27.942576
 27.859144
 27.891884
 27.910843
 28.093387
 28.193369
 28.229057
   28.2277
 28.236186
 28.404236
 28.602735
 28.903908
 28.999251
 29.160752
 28.960233
 29.109079
 29.248255
 29.320949
 29.500061
 29.495909
  29.26683
 29.258885
 29.217396
 29.132174
 29.230031
 29.025209
 28.887764
 28.837307
 28.629814
  28.55656
  28.45684
 28.619551
 28.711635
 28.943547
 28.801434
 28.973326
 29.119577
  29.54313
 29.930205
  29.95428
 30.106058
 30.186306
 30.266859
  30.26233
 30.447519
 30.447784
  30.33398
 30.158312
 29.850159
 29.622116
 29.490159
 29.359291
 29.195009
 29.129224
 28.775401
 28.725921
 28.704128
 28.817524
 29.040324
 29.163742
 29.154487
 29.371173
 29.571336
 29.534226
  29.96814
 29.973548
 29.998906
 29.803163
 29.635389
 29.487367
 29.420435
 29.188953
 29.028794
 28.825905
  28.37315
 28.210241
  28.05456
 27.949554
 27.885107
  27.74357
 27.572115
 27.368225
  27.29293
 27.175449
 27.327292
 27.340862
 27.181513
 26.927602
 26.887428
 26.935437
 26.871094
 26.785802
 26.806407
 26.749609
 26.483518
  26.47767
 26.561463
 26.607507
 26.733102
 26.838188
   26.8822
 27.025121
 26.942741
 27.036229
 27.465629
 27.681518
 27.637429
 27.694879
   27.6785
 27.582593
 27.739538
 27.717897
 27.834756
 27.934416
 27.834126
 27.940394
 28.190693
 28.462673
 28.733324
 29.034834
 29.202116
 29.454496
 29.623254
 29.823188
 30.274696
 30.404702
 30.652887
   30.5686
 30.716647
 30.735775
 30.773101
 30.903623
 30.935048
  30.88096
 30.655631
 30.448072
 30.419687
  30.48005
 30.460248
 30.237953
 30.128356
 29.905365
 29.834119
 29.577425
 29.695557
 29.422875
 29.409929
 29.096767
 28.805198
 28.710883
 28.512897
 28.442498
 28.239986
 28.150309
 27.765968
 27.644185
 27.556787
 27.573718
 27.561761
 27.427672
  27.39541
 27.265699
 27.098057
 27.092515
 27.317423
 27.157803
  27.17349
 27.107005
 27.008878
 26.968449
 27.057946
 27.056842
 27.132709
  27.17465
 26.971533
 27.063088
 27.202084
 27.470668
 27.895571
 27.975976
 28.142749
 28.096129
 28.404226
 28.340293
 28.801963
 29.016728
  29.09156
 29.199758
 29.033919
 29.125967
 29.318943
 29.471671
 29.571945
 29.568359
 29.319684
 29.490475
 29.618097
 29.701002
 29.749663
 29.882349
 29.803037
 29.895558
 29.862792
 29.796186
 30.021613
 30.011931
 29.825728
 29.516714
 29.394062
 29.221498
  29.08054
 29.031737
 28.893493
 28.842281
 28.578734
 28.522401
 28.589331
 28.714541
 28.739153
 28.724973
 28.663902
 28.693373
 28.696305
 28.618389
 28.690536
 28.845825
 28.719318
 28.574935
 28.402301
 28.387759
  28.34014
 28.460829
 28.478032
 28.368386
 28.221377
 28.181545
 28.108879
 28.134078
 28.297423
 28.300149
 28.250495
 28.298849
 28.279123
  28.42173
 28.588923
 28.689698
 28.629338
 28.673713
 28.603641
  28.67129
 28.625531
 28.728174
 28.644741
 28.798489
 28.587765
 28.624968
 28.659383
 28.840851
 28.895054
  28.87683
 28.874201
 28.954978
 28.926614
 28.860349
 29.080794
 29.070177
 29.074722
  28.93524
 28.771775
 28.660613
 28.764243
  28.75186
 28.666971
 28.693883
 28.457706
  28.45604
 28.453768
 28.533547
 28.681798
 28.690718
 28.648504
 28.633006
 28.640525
 28.530732
 28.690951
 28.681172
 28.664021
  28.57297
 28.380714
 28.432678
 28.396072
 28.355064
 28.396797
 28.448883
 28.231556
 28.183077
 28.297084
 28.262176
 28.461657
 28.498183
 28.317903
 28.339074
 28.335585
 28.170419
 28.316769
 28.402806
 28.348118
 28.233794
 28.176175
 28.027281
 28.066802
 28.153264
 28.085656
 28.176302
  28.21248
  28.24434
 28.351187
 28.642443
 28.822102
 28.875473
 28.945945
 28.926405
 29.071766
 29.033133
 29.249362
  29.21028
 29.220206
 29.079651
 28.888246
 28.824729
 28.608324
 28.562376
  28.61123
 28.506544
 28.240653
 28.226678
 28.155464
 28.354138
 28.422024
 28.607114
 28.630402
 28.788044
 28.855182
 28.850873
  29.15903
  29.30106
 29.323627
 29.271476
 29.010917
 28.939924
 28.914289
 29.021281
 29.021558
 28.863815
 28.603644
 28.406993
 28.349183
 28.349544
    28.338
 28.278362
 28.270155
  28.15664
 28.049888
 28.015979
 28.193028
 28.230545
 28.370538
 28.398408
 28.194223
 28.228259
 28.477211
 28.521632
  28.42498
 28.661013
 28.457136
 28.464936
 28.547033
 28.619455
 28.664079
 28.619802
  28.49837
 28.448038
 28.356527
 28.156265
 28.384853
 28.350613
  28.27786
 28.170175
 27.994867
 27.943368
 27.958702
 27.875888
 28.015651
 28.143476
 28.096399
 28.127829
 28.386378
 28.671255
 28.839824
 29.078598
 29.043023
 29.154404
 29.219872
 29.255693
 29.519558
 29.552442
 29.399398
 29.226843
 29.077327
 29.001738
 28.948949
 28.981509
 28.779046
 28.666114
 28.485072
 28.494375
 28.396138
 28.542567
 28.831221
 29.003009
 29.143762
 29.358542
 29.391301
 29.579311
 29.765829
 30.128852
 30.062686
 30.000161
 30.033666
 29.928915
 29.911739
 29.858689
 29.872764
 29.674621
 29.376577
 29.362573
 29.321722
 29.268773
 29.363956
 29.369279
 29.287474
 29.216624
 29.274876
 29.150433
  29.35009
 29.386982
 29.447078
 29.458596
 29.349023
 29.247501
 29.217854
 29.281764
 29.315366
 29.435352
 29.073684
 28.992206
 28.975317
 28.951361
 29.007686
 28.892303
 28.715323
 28.663361
 28.451768
 28.298181
 28.278935
 28.281354
 28.068157
 27.799967
 27.544327
 27.330883
 27.197284
 26.989324
 26.924132
 26.924386
 26.645521
  26.58523
 26.461582
   26.5529
 26.686736
 26.764028
 26.840472
 26.808445
 26.939313
  26.86384
 27.228041
  27.30845
 27.269955
 27.272315
 27.245123
 27.049732
 27.183749
 27.286473
 27.248686
 27.284127
 27.170206
 27.142527
 27.338788
 27.501897
 27.740761
 27.961637
 28.149905
 28.283372
 28.456556
 28.644459
 28.947362
 29.251686
 29.372112
 29.541867
 29.679759
 29.703754
 29.807711
 30.040224
 30.130848
  30.26494
 30.291973
 30.250179
 30.255399
  30.45752
 30.590643
 30.673538
  30.62707
 30.647414
 30.512476
 30.469252
 30.600694
 30.541649
 30.466827
 30.264436
 29.913868
 29.780187
 29.624483
 29.542019
 29.310871
 29.190119
 28.747191
 28.567022
 28.343062
 28.347747
 28.189419
 28.141125
 27.993902
 27.917337
 27.803344
 27.664769
 27.791542
 27.704176
 27.561339
 27.500872
 27.328527
 27.276956
 27.156164
 27.135895
  27.13593
 27.044406
  26.80859
 26.758088
 26.823966
 27.004385
  27.13617
  27.24659
 27.351853
 27.367052
 27.439959
 27.623555
 27.931454
 28.108551
 28.234458
  28.22085
 28.275718
 28.315441
 28.520527
  28.63053
 28.724632
  28.95273
 28.921939
 28.905802
 29.125236
  29.30893
 29.554047
 29.694932
 29.739308
 29.887378
  29.85235
 29.906315
 30.003198
 30.108372
 30.083334
   29.8833
 29.709355
 29.649109
 29.615784
 29.480883
 29.496996
 29.456372
 29.218084
 29.001876
 28.997027
 29.075745
 29.146063
 29.061572
 28.928291
 28.907323
 28.903087
 28.706487
 28.861361
  28.93042
 28.850754
 28.699986
 28.495052
 28.524808
 28.470232
  28.37187
 28.359428
 28.423077
 28.103183
 28.044115
 28.077603
  28.24925
 28.342269
 28.377132
 28.318061
 28.299507
  28.32707
 28.242437
 28.537943
 28.573346
 28.394474
 28.477171
 28.304244
 28.333692
 28.351018
 28.393577
 28.429376
 28.353726
 28.270881
 28.221244
 28.260466
 28.533042
 28.692063
 28.824607
 28.877499
 28.916308
 29.042817
 29.071492
 29.293305
 29.210026
 29.260138
 29.153812
 29.020597
 28.920441
 28.866591
 28.985468
 28.835222
 28.910065
 28.692348
 28.405553
 28.571423
 28.671769
 28.746127
 28.835265
 28.860559
 28.844861
 28.864505
 28.739364
 29.065467
 29.046663
 28.945403
 28.929823
 28.671919
 28.601724
 28.628585
 28.524615
 28.674548
 28.496519
 28.255506
 28.252499
 28.177582
 28.347767
 28.427029
 28.496153
  28.50452
 28.432768
 28.571534
 28.508229
 28.602485
 28.674018
 28.513769
 28.455934
 28.284307
  28.21474
 28.138734
 28.214455
 28.042558
 27.941775
 27.829118
 27.846281
 27.823528
 27.975105
 28.096466
 28.192607
 28.424551
 28.334654
 28.528908
 28.566387
 28.790477
 28.892868
 29.115031
 29.034322
 28.915677
 28.775472
 28.774125
 28.829599
 28.841698
 28.858019
 28.505716
 28.447343
 28.405251
 28.281745
  28.54697
 28.420286
 28.381759
 28.339679
 28.358348
 28.313178
 28.552211
 28.703736
 28.757042
 28.762813
 28.602606
 28.674744
 28.784939
 28.822413
 28.762821
 28.885812
 28.718241
 28.622653
 28.581896
 28.639884
 28.758787
    28.732
 28.726428
 28.737338
  28.58782
 28.505591
 28.596924
 28.546116
 28.389085
 28.296029
  28.20826
 28.037221
 28.058168
 28.118703
 28.149512
 28.232733
 28.071449
 28.136499
 28.096704
 28.393791
 28.498101
 28.628087
 28.689596
 28.697295
 28.727581
 28.710208
 28.871357
 28.974918
 28.898755
 28.718942
 28.613179
 28.491175
 28.507767
 28.367124
 28.356093
 28.301303
 28.095312
 28.089017
  28.06843
 28.144056
 28.263993
 28.435265
  28.50276
 28.695089
 28.815957
 28.944129
 29.238112
 29.419928
 29.369202
 29.488166
 29.294897
 29.447812
 29.441584
  29.42234
 29.339082
 29.274863
 29.147677
 28.949936
 28.841343
 28.817126
 28.962221
 28.984232
 28.937165
 28.897969
 28.931868
 28.891977
 29.190322
  29.22372
 29.301463
 29.359175
 29.257461
 29.241901
 29.363379
 29.497582
 29.670906
 29.664552
 29.542261
 29.449987
 29.539328
 29.484765
 29.508458
  29.61234
 29.604497
 29.348792
 29.336036
 29.226777
 29.330695
  29.35143
  29.24837
 29.116562
  28.96121
 28.888557
 28.828629
 28.827067
 28.920265
 28.857427
 28.818187
 28.626769
 28.686907
 28.758044
 29.012841
 29.041874
 29.077919
 29.039697
 29.033917
  28.89424
 29.054297
 28.982498
 28.824634
  28.68263
 28.356162
 28.169578
 28.012848
 27.833177
 27.789073
 27.667485
 27.335063
 27.243261
 27.044309
 27.001985
 27.085104
 27.188167
 27.110539
 27.147904
 27.072765
 27.026554
 27.304198
 27.439988
 27.427294
  27.46177
 27.283494
 27.266812
 27.224327
 27.157137
 27.266559
 27.248642
 27.273361
 27.146839
 27.313892
 27.315725
 27.495012
 27.696837
 27.792649
 27.809378
 27.971241
  27.95039
 28.297367
 28.445474
 28.584961
 28.701799
 28.683736
 28.810557
 28.776396
 29.062643
 29.176645
 29.269211
 29.345807
 29.295928
 29.369569
 29.529706
 29.793881
 29.941448
 30.107839
 30.036104
 30.138703
 30.317107
 30.400331
 30.631362
 30.564754
 30.479348
 30.369412
 30.248851
 30.146002
 30.053807
 29.991321
 29.787927
 29.567929
 29.268639
 29.091743
 29.014358
 28.966229
  28.85482
 28.825655
 28.568207
 28.511665
 28.343016
 28.360271
 28.415913
 28.272258
 28.118415
 27.771345
 27.580117
 27.527689
 27.559271
 27.474233
 27.359735
 27.135294
 26.947899
 26.996643
 26.932273
 27.109675
 27.193072
  27.14551
 27.154548
 27.173566
 27.203948
 27.501714
 27.607487
 27.730109
 27.653935
 27.634852
 27.627057
 27.783076
  27.86751
 28.086004
 28.255752
 28.267688
 28.326548
  28.43315
 28.608769
 28.956092
 29.068428
 29.249033
 29.343937
 29.506043
 29.531413
 29.704145
 29.835361
  29.98765
 29.940889
 29.894446
 29.879246
 29.902639
  29.80234
 29.829407
 29.763328
  29.70289
 29.542965
  29.42994
 29.499923
 29.475652
 29.563661
 29.475588
 29.331708
  29.28351
  29.20936
 29.291096
 29.374966
  29.14858
 28.970052
  28.85627
 28.577823
 28.458233
 28.498303
 28.405062
 28.398478
 28.193675
 28.024607
 28.085161
 28.009149
 28.206466
 28.421303
 28.382533
 28.310431
 28.399157
 28.331008
 28.422944
 28.595527
 28.522648
 28.473702
 28.282801
 28.177244
 28.143191
 28.084595
 28.032319
 28.133312
 28.060145
 27.980309
 27.920401
 28.138847
 28.208416
 28.350552
 28.508242
 28.595291
 28.711836
 28.780193
 28.890545
 29.213404
 29.119134
 29.139712
 29.141427
 29.116575
 28.994579
  29.07166
 28.964342
 28.976715
 28.920535
 28.574803
 28.723271
 28.825137
 28.758324
 29.010869
 28.988625
 28.954629
 28.965778
 28.890948
 29.097481
 29.226112
 29.259913
  29.17104
 28.999292
 28.752927
 28.723275
 28.747351
 28.766761
 28.651362
 28.566821
 28.316027
 28.352936
  28.31734
 28.454968
 28.435409
 28.509776
 28.548875
 28.566952
 28.506956
 28.771634
 28.823204
  28.85109
  28.78756
 28.657266
 28.538855
 28.506778
 28.398985
 28.502841
  28.39808
 28.147545
  28.00787
 27.898931
 28.011513
 28.033444
 28.167018
 28.143131
 28.144718
 28.199495
 28.144926
 28.404561
   28.5671
 28.651337
 28.658374
 28.587254
 28.614791
 28.680301
 28.650111
 28.739588
 28.952586
 28.649789
 28.576634
 28.514782
 28.599202
 28.680788
 28.623094
 28.681319
  28.61882
 28.588965
 28.625268
 28.677301
 28.745682
 28.696248
 28.606062
 28.429869
  28.43183
  28.34343
 28.374044
 28.357883
 28.434488
 28.373572
 28.335007
 28.294235
 28.390419
  28.47961
   28.7464
 28.731154
 28.740179
 28.693576
 28.749137
 28.723877
 28.902007
 28.789714
 28.687672
 28.455472
 28.329642
 28.364249
 28.262917
 28.134538
  28.17154
 27.932004
 27.728698
 27.671885
 27.910145
 27.891942
 28.022191
 28.085573
 28.236686
 28.170228
  28.27333
 28.413376
 28.730542
 28.791468
 28.770146
 28.741604
 28.702668
 28.658599
 28.769842
  28.74313
 28.758954
 28.521969
 28.333985
 28.219944
   28.2987
 28.331029
 28.368885
 28.381827
 28.400527
 28.526164
 28.563413
  28.58376
 28.910782
 28.911157
 28.992932
 29.083105
 29.067603
 29.157944
 29.237166
 29.375385
 29.364949
  29.32911
  29.35974
 29.304813
 29.373578
 29.486714
 29.521521
 29.440135
 29.363794
 29.329132
 29.215722
 29.259432
 29.448052
 29.296272
 29.311653
 29.221608
 29.095572
 29.132874
 29.185527
 29.190954
 29.185088
 29.245172
 29.215025
 29.209278
 29.247675
 29.647684
  29.62711
 29.547154
 29.689195
 29.641974
 29.644185
 29.694934
  29.73682
 29.632899
 29.574635
 29.381094
 29.147332
 29.020056
 28.997787
 28.771766
 28.873685
  28.76873
  28.47476
 28.488853
 28.535779
 28.580457
 28.690939
   28.7703
 28.708316
 28.685186
 28.696132
 28.739019
    28.915
 28.878327
 28.882485
 28.610097
 28.437836
 28.353909
 28.260785
 28.170202
 28.085647
 27.963604
 27.664017
 27.477007
  27.51235
 27.643972
 27.587761
 27.447431
 27.411607
 27.302489
 27.324259
 27.315158
 27.483841
 27.399583
 27.287425
 27.318557
 27.150362
   27.1505
 27.128724
 27.216644
 27.217254
 27.215033
  26.95131
 27.097543
 27.148633
 27.385919
   27.4878
 27.572372
 27.613078
 27.756329
 27.772637
 27.965332
 28.204516
  28.25572
 28.429524
 28.324902
 28.292065
 28.418167
 28.603033
  28.61616
 28.738145
 28.794849
 28.674332
 28.746103
 28.908446
 29.206102
 29.443666
 29.475831
 29.593899
 29.701766
 29.873588
 29.968472
 30.293901
  30.51288
 30.510431
 30.344829
 30.314886
 30.337351
 30.327291
 30.300818
 30.250875
 30.151075
 29.880299
 29.733097
 29.741223
 29.626818
 29.616532
 29.535124
 29.381182
 29.241312
 29.128541
  29.16767
 29.061469
 29.015395
 28.903596
 28.609489
 28.350501
 28.214932
 28.149457
 28.050779
 27.782897
 27.767268
 27.338647
 27.225172
  27.15642
 27.244186
 27.268149
 27.202273
 27.145468
 27.104905
 27.084516
 27.106213
 27.299248
 27.319185
 27.209736
 27.180355
 27.138316
  27.17579
 27.269609
 27.385156
 27.485771
 27.450185
 27.413907
 27.540331
 27.705428
  27.95844
 28.134595
 28.320469
 28.418676
 28.647181
 28.627941
 28.893567
 29.277459
 29.426646
 29.506145
 29.471727
 29.458333
 29.559925
  29.75622
 29.851283
 29.856791
 29.844978
  29.72014
 29.729081
 29.821039
 29.885303
 30.058809
 29.966653
 29.988488
 29.835498
   29.9508
 29.882236
 29.981418
 29.964988
 29.789292
 29.534342
 29.281704
 29.152795
 29.100239
 28.925579
   28.8965
 28.710463
 28.461853
 28.349994
 28.312606
 28.466905
  28.51094
 28.358883
 28.449083
 28.401496
  28.39158
 28.376515
  28.53291
 28.596766
 28.447877
 28.292477
 28.155909
 28.118171
 28.112636
 28.048497
 28.070173
 27.993841
 27.742498
 27.661562
 27.842374
 27.937202
 28.017616
 28.130834
 28.170323
 28.271616
 28.322517
 28.313906
 28.709541
 28.790801
 28.799541
 28.740185
 28.748355
 28.731581
 28.789955
 28.823103
 28.881834
 28.850661
 28.637204
 28.652525
 28.717302
  28.83022
 29.001277
 28.937847
 28.964996
 29.033655
 29.088414
 29.072685
 29.285421
 29.331105
 29.282162
 29.138055
 28.940586
 28.896208
 28.867405
 28.836765
 28.856047
 28.720658
 28.396049
 28.412083
 28.362719
 28.543355
 28.484835
 28.560895
 28.460777
 28.450299
 28.595189
 28.589187
 28.901915
 28.854619
 28.732981
 28.719456
 28.465156
 28.604978
 28.683358
 28.530672
 28.521458
 28.461403
 28.232421
 28.191141
 28.273014
 28.280283
 28.357073
 28.315386
 28.318273
 28.293821
  28.23564
  28.29823
 28.435697
 28.535016
 28.540649
 28.440532
 28.355232
 28.346568
 28.483847
 28.530927
 28.501524
 28.520473
 28.340118
 28.453956
 28.424577
 28.686997
 28.770136
 28.860529
 28.926266
 28.917466
 28.899142
 28.841937
 29.133113
 29.106181
 28.986741
 28.835322
 28.694956
 28.594314
  28.50253
 28.528127
 28.563543
 28.418446
 28.152951
 28.206443
 28.241696
 28.252567
 28.334308
 28.533485
 28.557965
  28.53283
 28.619233
 28.549245
 28.952093
 28.930901
 28.905676
 28.760018
 28.657547
 28.681966
 28.662887
 28.511418
 28.501768
 28.360075
 28.037852
 27.932542
 27.960574
 27.971987
 28.053267
  27.99634
 27.995089
 27.897682
 27.922736
 28.011157
  28.31806
 28.262715
  28.28667
 28.235655
 28.189146
 28.300495
 28.331627
 28.388222
 28.514359
 28.530703
 28.246504
 28.364409
 28.393745
 28.445984
 28.622152
 28.502754
  28.56889
 28.414679
 28.478313
 28.503822
 28.748333
 28.722503
  28.68094
 28.603163
 28.560976
 28.465481
  28.67667
 28.712507
  28.75052
 28.899332
  28.74303
 28.933506
 29.009862
 29.313527
 29.449301
 29.476605
 29.440852
 29.487954
 29.473592
  29.58224
  29.70247
 29.806228
 29.731719
 29.605717
 29.399977
 29.312478
 29.345284
 29.331462
 29.357675
 29.303826
 29.067885
 29.115612
 29.090578
 29.255679
  29.42693
 29.396596
 29.574164
 29.497052
 29.534002
 29.666919
 29.955236
 29.864853
 29.885208
 29.679319
 29.524204
 29.441141
 29.405146
 29.324601
 29.312738
 29.306043
 28.914115
  28.81628
 28.786014
  28.73805
  28.88306
 28.706258
 28.778872
 28.719205
  28.76551
 28.697893
 28.932886
 28.935539
 28.762462
 28.719027
 28.503269
 28.452329
 28.477106
 28.335784
 28.407784
 28.360478
 28.055009
 27.956997
 27.943748
 27.899386
 28.021732
 27.864487
 27.897544
 27.831026
 27.652301
  27.71981
 27.890294
 27.862534
 27.673588
 27.426895
 27.215758
 27.310097
  27.18752
  27.16059
 27.156343
 27.274917
 26.928704
 26.789613
 26.883414
 27.117554
 27.193616
 27.403596
 27.383624
 27.456864
 27.545437
 27.595361
 27.930071
 27.987401
 27.935944
 27.994204
 27.918274
 27.989717
 28.000883
 28.040027
 28.138109
 28.295978
 28.024211
 28.202358
 28.309017
 28.457034
 28.706204
 28.732709
   28.9809
 29.018204
 29.081397
  29.29836
 29.679393
 29.845961
 29.812826
 29.786541
 29.831809
 29.930033
 30.031699
 30.023466
 30.140199
 30.130791
 29.949975
 29.956359
 29.964125
 30.079013
 30.216311
 30.146068
  30.08036
 29.882627
 29.894466
 29.831777
 29.972272
 29.827225
 29.717178
 29.498538
  29.38214
 29.078912
 28.939309
 28.831684
 28.756838
 28.598755
 28.186577
 28.005784
 27.985737
 27.835776
 27.859528
 27.751259
 27.650434
 27.518511
 27.478133
 27.365357
 27.521661
 27.472912
 27.486119
 27.402171
 27.277817
 27.162756
  27.07496
 27.070969
 27.214278
  27.18549
 26.883705
 26.981717
  26.98008
 27.254364
 27.470189
 27.480578
 27.693554
  27.72067
 27.802826
 27.914723
 28.403689
 28.538843
  28.58824
 28.692179
 28.690119
 28.801217
 28.932663
 29.035185
 29.136459
 29.308416
 29.165788
 29.111138
   29.3095
 29.539725
 29.699731
 29.764986
 29.800941
 29.887705
 29.864959
 29.959675
 30.196573
  30.29683
 30.134572
 29.947119
 29.800858
 29.678803
 29.637517
 29.523186
 29.432235
 29.403404
 29.030541
 28.842041
 28.737261
 28.853573
 28.887636
 28.724866
 28.731334
 28.674463
 28.562937
  28.65975
 28.651508
 28.591168
 28.626606
 28.547047
 28.345718
  28.31461
 28.254523
 28.143578
 28.156181
 28.298983
 27.889451
 27.816876
 27.888748
 27.957138
 28.077334
 28.174099
 28.154777
  28.13446
 28.263667
 28.121915
 28.479533
 28.547303
 28.591945
 28.550073
 28.403816
 28.459419
 28.571904
 28.587656
 28.541552
 28.706099
 28.415783
 28.487759
 28.592772
 28.756035
 28.894401
 28.941616
 29.039727
 28.975139
 29.048283
 28.983557
 29.191329
  29.30618
 29.313795
 29.195406
  29.07343
 29.082264
 29.026836
 28.970755
 29.051267
 28.838272
 28.487768
 28.506463
 28.582808
 28.637213
 28.713951
 28.661387
 28.610425
  28.59058
 28.562508
 28.617015
 28.845563
 28.736568
 28.747329
 28.600484
 28.568072
 28.510023
 28.566223
 28.390555
 28.474251
 28.412528
 28.147592
 28.211784
 28.165384
 28.309774
 28.358859
 28.437322
 28.371083
 28.443169
 28.393957
 28.461666
 28.654631
 28.689365
 28.583069
 28.615621
 28.318533
 28.402639
 28.281123
 28.334015
 28.238746
 28.383646
 28.060451
 28.091795
 28.296691
 28.152562
 28.504265
 28.482978
 28.607942
 28.582224
 28.697124
 28.696791
 29.017947
 29.043202
 29.044393
 29.037672
 28.964644
 28.891934
  28.91044
 28.938622
 28.907461
 28.871764
 28.547766
 28.456499
 28.422626
 28.416409
 28.673408
 28.568741
 28.491562
 28.505492
 28.509102
 28.464275
 28.766916
 28.862134
 28.884584
 28.774979
 28.740985
 28.771705
 28.661312
 28.733877
 28.867156
 28.806026
 28.487661
 28.458616
  28.46336
 28.441376
 28.586882
 28.491325
  28.37648
 28.295759
 28.273681
 28.231837
 28.304854
 28.329973
 28.279498
 28.138211
 28.143597
 28.026555
 27.899538
 28.156157
 28.065836
 28.206278
 27.918509
 28.077478
 28.048385
 28.201249
 28.324059
 28.434026
 28.648902
 28.458092
 28.495979
 28.518531
 28.670245
 28.816176
  28.79935
 28.606148
 28.500403
 28.505268
 28.392673
 28.454669
 28.511556
 28.475205
 28.284439
 28.356998
 28.352427
 28.544601
 28.804844
 28.895963
 29.005624
 29.073099
 29.167084
 29.179416
 29.520577
   29.6389
 29.624321
 29.552564
 29.406661
 29.514143
 29.421771
 29.417303
 29.432786
 29.364873
 29.155985
 29.030708
 29.159896
 29.227515
 29.329773
 29.331591
  29.30615
 29.272248
 29.350482
  29.40131
 29.552541
 29.587586
 29.659203
 29.510921
 29.489653
 29.431309
 29.508061
 29.465831
  29.42633
 29.401181
  29.15569
 29.158556
  29.06157
 29.113806
 29.317625
 29.218413
 29.193583
 29.028004
 29.104917
 29.040474
 29.097828
 29.104575
  29.00106
 28.850572
 28.675772
 28.578949
 28.608024
 28.580383
 28.583455
 28.492216
 28.247838
 28.170944
 28.202378
  28.22221
 28.320812
 28.283498
 28.293853
 28.260781
 28.220328
 28.228951
 28.252234
 28.292292
 28.229746
 28.014427
 27.825687
 27.744929
 27.601292
 27.604296
 27.541181
  27.57335
 27.193599
 27.079748
 27.068434
 27.191547
 27.387273
 27.434296
 27.396775
 27.402106
 27.567351
 27.518142
 27.672865
  27.85101
 27.821339
 27.800499
 27.611394
 27.679632
 27.740238
 27.811167
 27.873498
 27.930408
  27.68068
  27.79999
 27.721035
 28.008456
 28.344693
 28.289085
 28.481252
 28.501206
 28.628451
 28.757125
 28.916392
 29.091652
 29.206074
 29.247917
 29.187179
  29.26009
 29.205931
 29.352832
  29.58925
 29.585017
 29.486485
 29.392708
 29.443194
 29.662354
 29.832059
 29.915316
 29.983258
 29.801811
 29.974987
 29.975932
 30.260782
 30.168582
 30.198336
 30.060638
 29.842699
 29.670245
 29.606662
 29.551147
 29.365433
 29.289754
 28.852221
 28.740267
 28.659296
 28.580197
 28.678953
 28.487253
 28.422731
 28.181204
 28.160806
 27.960553
 28.119186
 28.121525
 27.948543
 27.815856
 27.576284
 27.502929
 27.375751
 27.418719
 27.303082
 27.288721
 27.013807
 27.037954
 27.022137
 27.152684
 27.224977
 27.261038
 27.284081
 27.408398
 27.460379
 27.583551
 27.769764
 28.006034
 28.051834
 28.089204
 28.164488
 28.193116
 28.254282
 28.397338
 28.559219
 28.617051
  28.58875
 28.644422
  28.81028
 28.991558
 29.229529
  29.31067
 29.484365
 29.507946
 29.643331
 29.617168
 30.025099
 30.034378
 30.130592
 29.979865
 29.948758
  29.88163
 29.948803
 29.939211
 29.840053
 29.854717
 29.555336
 29.362243
 29.437387
 29.286422
 29.393722
 29.244666
 29.169222
 29.065197
 28.962065
 28.845587
 28.966487
 28.979884
 28.850819
 28.685807
 28.511452
 28.405435
 28.402769
  28.24429
 28.230611
 28.186174
 27.966625
 27.810289
 27.808238
 27.808013
 28.004194
 28.051397
 28.113652
  28.04415
 28.015024
 27.937375
 28.183885
 28.290621
 28.221575
 28.200519
 28.220061
 28.098991
 28.216597
 28.148335
 28.138372
 28.256753
 28.148201
 28.122179
 28.222793
 28.396641
 28.611703
 28.684921
 28.779259
 28.746483
 28.917186
 28.888366
 29.233862
 29.289684
 29.261665
 29.287959
  29.32033
 29.171734
 29.101857
 29.176374
 29.169724
 29.178777
 29.018601
 28.897789
 28.953258
 28.980041
 29.107816
 29.073794
  29.06232
 28.999758
 29.013457
 28.969101
 29.102573
 29.156394
  29.16665
 28.984337
 28.724884
 28.725075
  28.66882
 28.529409
 28.502628
 28.560382
 28.335666
 28.276839
 28.198744
 28.218544
 28.377786
 28.509905
 28.387673
 28.465828
 28.414258
 28.369715
 28.612421
 28.711991
 28.715296
 28.546936
  28.37656
 28.344412
  28.39222
 28.257328
 28.321308
  28.38621
 28.086411
 27.996679
 27.911005
 28.047088
 28.217862
 28.171876
 28.195591
 28.317172
 28.306159
 28.279588
 28.542755
 28.674991
 28.769552
 28.762419
 28.751144
 28.738262
 28.720406
 28.824716
 28.787855
 28.852118
 28.677154
 28.555696
 28.689173
 28.650114
 28.714451
 28.779041
 28.766441
  28.69234
 28.540695
 28.591361
 28.733425
 28.874163
 28.843619
 28.795561
 28.573993
 28.582108
 28.565657
 28.645494
 28.641365
 28.780172
 28.472304
 28.457614
 28.470072
 28.622582
 28.779399
 28.721894
 28.648435
 28.747308
   28.7625
 28.695842
 28.789197
 28.764335
 28.769991
 28.679901
 28.576623
 28.362944
  28.27126
 28.188693
 28.144115
   28.1633
 27.878228
 27.842171
 27.977317
 28.015689
 28.145576
 28.256904
 28.279415
 28.266388
 28.410948
 28.427837
 28.758951
 28.765309
 28.814159
 28.816214
 28.663039
 28.571658
 28.571418
 28.516096
 28.516663
 28.598776
 28.480514
 28.369324
 28.390506
 28.397138
 28.490301
 28.703288
 28.758275
 28.710111
 28.828929
 28.821754
 29.033854
 29.182465
 29.248776
 29.259833
 29.144912
 29.078166
  29.22998
 29.264258
 29.267184
 29.389484
 29.145208
 29.069223
 29.134585
 29.101477
  29.20967
 29.317214
 29.285217
 29.309888
 29.278856
 29.245295
 29.337165
 29.483554
 29.450025
 29.468863
  29.35152
 29.243086
 29.098219
 29.076145
 29.142333
 29.188715
 28.993111
 28.936456
 28.889564
 29.023037
 29.252897
 29.191393
 29.158032
 29.209858
 29.161306
 29.102362
 29.291901
 29.124294
  29.19738
 29.028462
 28.876607
 28.801749
 28.699738
 28.719506
 28.594986
  28.56049
 28.331236
 28.130957
 28.196208
 28.247951
 28.361947
 28.425819
 28.403434
 28.387761
 28.283625
 28.262548
 28.380629
 28.558908
 28.435523
 28.414461
 28.196961
 28.083551
 28.008966
 27.993866
 28.017357
 27.922884
 27.734797
 27.481492
 27.516479
 27.483849
 27.671868
 27.752931
 27.621227
 27.658495
 27.637465
 27.647039
 27.862367
 27.959271
 27.981839
 27.829181
  27.81828
 27.696668
 27.692172
 27.782676
 27.861576
 27.895526
 27.718924
 27.698988
 27.749596
 27.780218
 28.096152
 28.203817
 28.286827
 28.353926
 28.466597
 28.412856
 28.700033
 28.831635
 28.945995
 28.878288
 28.721085
 28.811289
 28.911204
 28.977858
  29.06452
 29.103208
 29.019564
 28.910771
 28.985487
 29.241159
 29.378327
 29.505819
 29.606104
 29.624443
 29.586853
 29.729147
 29.928732
 30.056607
 29.914843
 29.914194
  29.86491
 29.750947
 29.787998
 29.802852
 29.676761
 29.559095
 29.393186
 29.085664
 29.098422
 29.003214
 28.969557
 29.001713
 28.798269
 28.754832
 28.740651
 28.542043
 28.590236
 28.583266
 28.535704
 28.426918
 28.085159
 28.005176
 27.956273
 27.742576
 27.721541
 27.559469
 27.416177
 27.242115
 27.168944
 27.221303
 27.255758
 27.266594
 27.256442
   27.2822
   27.2257
 27.340671
 27.487454
 27.571464
 27.683612
 27.613066
 27.587631
 27.616112
 27.729735
 27.768004
 27.949591
  27.99983
 27.977337
 27.955912
 28.062309
 28.372242
 28.514043
 28.762303
 28.706956
  28.93091
 28.996952
 29.164111
 29.422507
 29.595838
 29.733252
 29.813631
 29.743483
 29.677021
 29.677422
 29.809431
 29.869668
 29.937948
  29.80612
 29.833258
 29.658947
 29.738931
 29.894067
 29.926729
 29.875206
 29.813791
 29.675765
 29.558216
 29.736794
 29.596083
  29.50499
 29.444918
 29.129616
 28.975993
 28.796762
 28.725763
 28.649758
 28.542508
 28.327402
 28.144711
 28.024866
 28.082986
 28.152215
  28.33983
 28.135632
 28.098094
 28.107395
 27.936987
 28.082664
 28.225723
 28.184909
 28.129017
 27.964249
 27.915345
 27.892525
  27.90423
 27.918182
 27.957617
 27.799939
 27.822036
 27.817891
 27.875554
 28.168137
 28.097808
 28.402057
 28.385923
 28.406576
 28.448801
 28.641313
 28.791479
 28.926409
 28.980544
 28.825267
 28.914307
 28.921118
 28.905944
 28.895079
 28.976965
 28.946963
  28.78525
 28.907837
  28.93348
 29.040101
 29.213709
 29.096518
 29.177108
 29.245004
 29.181905
 29.225921
 29.414462
 29.401392
 29.248525
  29.06704
 28.975673
  28.93461
 28.921429
 28.916613
 28.801742
  28.61866
 28.438996
 28.470047
 28.389993
 28.478418
 28.604903
 28.497352
 28.487339
 28.540022
 28.485738
 28.659178
 28.857029
 28.753413
 28.673221
 28.595682
 28.452441
 28.511137
 28.513042
 28.360294
 28.434321
 28.310871
 28.055082
  28.09521
 28.078452
 28.280353
  28.34021
 28.319295
 28.305578
 28.312279
 28.345626
 28.452257
 28.545182
 28.591111
 28.649648
 28.420039
 28.401565
 28.401616
 28.508721
 28.572811
 28.618702
 28.522574
 28.424785
  28.42876
  28.58935
 28.704184
 28.888985
  28.87739
 28.880266
  28.78117
 28.825941
 28.868235
 28.992018
 29.015977
 28.936888
 28.706386
 28.563268
 28.574385
 28.654463
 28.534186
 28.523296
 28.315136
 28.209367
  28.25942
 28.393573
 28.424123
 28.442351
 28.481777
  28.56348
 28.765657
 28.612151
 28.683811
 28.827293
 28.877549
 28.772991
 28.662373
 28.523937
 28.486806
 28.595546
 28.392329
 28.336676
 28.209566
 27.974455
 27.954854
 28.019316
 28.114956
  28.17289
 28.157885
 28.190285
 28.253981
 28.243735
 28.395346
 28.547442
 28.657599
 28.636409
 28.520781
 28.466094
  28.53466
 28.613179
 28.675251
 28.574075
 28.571802
 28.510659
 28.362255
 28.650868
 28.652968
 28.784903
 28.750546
 28.776313
 28.786025
 28.835053
 28.897638
 29.073684
 29.112901
  29.04357
 29.039905
  29.00136
 28.970536
 29.047202
 29.101886
 29.096116
 29.067171
  29.04422
 29.013983
 29.114797
  29.29661
 29.310197
 29.369813
 29.342639
 29.494412
 29.406758
 29.547277
 29.779594
 29.693334
 29.558041
 29.370423
 29.249063
 29.277097
 29.244473
 29.238036
 29.200002
 29.010716
  28.83013
 28.835028
 28.958347
 28.935211
 29.075491
 29.152902
 29.067188
 28.947448
 29.067245
 29.166145
 29.308358
  29.23635
 29.133742
 29.000681
 28.823967
 28.715913
 28.715838
 28.695329
 28.733211
 28.452062
 28.291762
 28.222813
 28.310604
 28.285002
 28.390384
 28.300602
 28.244791
 28.226844
 28.243482
 28.174211
 28.400527
  28.36685
 28.229323
 28.137127
 27.966411
  28.04077
 28.004671
 27.956445
  27.94676
 27.813921
 27.685326
 27.587488
 27.648078
 27.744659
 27.791883
 27.805039
 27.781616
  27.73953
 27.654777
 27.851215
 28.031492
 27.980286
 27.957934
 27.770343
 27.710191
 27.650457
 27.766305
 27.719582
 27.811362
  27.76513
 27.581028
 27.584204
 27.842815
 27.870873
 27.993465
 28.115528
 28.154417
 28.362645
 28.441512
 28.473635
 28.723723
 28.765893
 28.821222
 28.774045
 28.724398
 28.744894
 28.816669
 28.915248
 28.881653
 28.885267
  28.77634
  28.80099
 28.899738
 29.124764
 29.349883
 29.249834
 29.374194
 29.437714
  29.41565
 29.654717
 29.799487
 29.842627
 29.864036
 29.813954
 29.806045
  29.73736
 29.644648
  29.68958
 29.690433
 29.582858
 29.396571
  29.37959
 29.332249
 29.426366
 29.370586
 29.395227
 29.334474
 29.188889
 29.102793
 29.044183
 29.220154
  29.02311
 28.892761
  28.70663
 28.533801
 28.335618
 28.303559
 28.225319
 28.061795
 27.800359
 27.573138
 27.534307
 27.494236
 27.613838
 27.502164
 27.460858
 27.368944
 27.333499
 27.174584
 27.355651
 27.568264
 27.531587
 27.456317
 27.371544
 27.298537
  27.29979
 27.388823
 27.426466
 27.460237
  27.47406
 27.397565
 27.421589
 27.651476
 27.736703
  28.11746
 28.222882
 28.282382
 28.309643
  28.44691
 28.653112
 28.956111
 29.018674
 29.149596
 29.127687
 29.198305
 29.177343
 29.316521
 29.331283
 29.441734
 29.554538
 29.405442
 29.491947
 29.579092
 29.698628
 29.970179
 29.954303
 29.961741
 29.978409
 29.944082
 29.937323
 30.122938
  30.15984
 30.046092
 29.824287
 29.601382
  29.38744
 29.411288
  29.32906
 29.235194
 29.061858
 28.727655
 28.699602
 28.594538
 28.532065
 28.589457
 28.594744
 28.434677
 28.381287
 28.362497
 28.412059
 28.495817
 28.376312
  28.41861
 28.223175
 27.970487
 27.941288
 27.828253
 27.863079
 27.930955
  27.80493
 27.603552
