 16.850032
 16.850032
 16.850032
 16.850032
 16.850032
 16.850032
 16.850032
 16.850032
 16.850032
 16.850032
 16.860027
 16.860027
 16.860027
 16.860027
 16.860027
 16.860027
 16.860027
 16.860027
 16.860027
 16.860027
  16.87003
  16.87003
  16.87003
  16.87003
  16.87003
  16.87003
  16.87003
  16.87003
  16.87003
  16.87003
 16.880039
 16.880039
 16.880039
 16.880039
 16.880039
 16.880039
 16.880039
 16.880039
 16.880039
 16.880039
 16.890034
 16.890034
 16.890034
 16.890034
 16.890034
 16.890034
 16.890034
 16.890034
 16.890034
 16.890034
      16.9
      16.9
      16.9
      16.9
      16.9
      16.9
      16.9
      16.9
      16.9
      16.9
 16.909996
 16.909996
 16.909996
 16.909996
 16.909996
 16.909996
 16.909996
 16.909996
 16.909996
 16.909996
 16.920001
 16.920001
 16.920001
 16.920001
 16.920001
 16.920001
 16.920001
 16.920001
 16.920001
 16.920001
 16.930006
 16.930006
 16.930006
 16.930006
 16.930006
 16.930006
 16.930006
 16.930006
 16.930006
 16.930006
 16.939998
 16.939998
 16.939998
 16.939998
 16.939998
 16.939998
 16.939998
 16.939998
 16.939998
 16.939998
 16.950063
 16.950063
 16.950063
 16.950063
 16.950063
 16.950063
 16.950063
 16.950063
 16.950063
 16.950063
 16.960005
 16.960005
 16.960005
 16.960005
 16.960005
 16.960005
 16.960005
 16.960005
 16.960005
 16.960005
 16.969996
 16.969996
 16.969996
 16.969996
 16.969996
 16.969996
 16.969996
 16.969996
 16.969996
 16.969996
 16.980003
 16.980003
 16.980003
 16.980003
 16.980003
 16.980003
 16.980003
 16.980003
 16.980003
 16.980003
 16.990008
 16.990008
 16.990008
 16.990008
 16.990008
 16.990008
 16.990008
 16.990008
 16.990008
 16.990008
 17.000001
 17.000001
 17.000001
 17.000001
 17.000001
 17.000001
 17.000001
 17.000001
 17.000001
 17.000001
 17.009999
 17.009999
 17.009999
 17.009999
 17.009999
 17.009999
 17.009999
 17.009999
 17.009999
 17.009999
 17.019998
 17.019998
 17.019998
 17.019998
 17.019998
 17.019998
 17.019998
 17.019998
 17.019998
 17.019998
 17.030032
 17.030032
 17.030032
 17.030032
 17.030032
 17.030032
 17.030032
 17.030032
 17.030032
 17.030032
 17.040008
 17.040008
 17.040008
 17.040008
 17.040008
 17.040008
 17.040008
 17.040008
 17.040008
 17.040008
 17.049998
 17.049998
 17.049998
 17.049998
 17.049998
 17.049998
 17.049998
 17.049998
 17.049998
 17.049998
     17.06
     17.06
     17.06
     17.06
     17.06
     17.06
     17.06
     17.06
     17.06
     17.06
     17.07
     17.07
     17.07
     17.07
     17.07
     17.07
     17.07
     17.07
     17.07
     17.07
     17.08
     17.08
     17.08
     17.08
     17.08
     17.08
     17.08
     17.08
     17.08
     17.08
     17.09
     17.09
     17.09
     17.09
     17.09
     17.09
     17.09
     17.09
     17.09
     17.09
 17.100002
 17.100002
 17.100002
 17.100002
 17.100002
 17.100002
 17.100002
 17.100002
 17.100002
 17.100002
 17.110032
 17.110032
 17.110032
 17.110032
 17.110032
 17.110032
 17.110032
 17.110032
 17.110032
 17.110032
 17.120012
 17.120012
 17.120012
 17.120012
 17.120012
 17.120012
 17.120012
 17.120012
 17.120012
 17.120012
     17.13
     17.13
     17.13
     17.13
     17.13
     17.13
     17.13
     17.13
     17.13
     17.13
 17.139999
 17.139999
 17.139999
 17.139999
 17.139999
 17.139999
 17.139999
 17.139999
 17.139999
 17.139999
 17.150004
 17.150004
 17.150004
 17.150004
 17.150004
 17.150004
 17.150004
 17.150004
 17.150004
 17.150004
 17.160004
 17.160004
 17.160004
 17.160004
 17.160004
 17.160004
 17.160004
 17.160004
 17.160004
 17.160004
 17.169994
 17.169994
 17.169994
 17.169994
 17.169994
 17.169994
 17.169994
 17.169994
 17.169994
 17.169994
 17.179999
 17.179999
 17.179999
 17.179999
 17.179999
 17.179999
 17.179999
 17.179999
 17.179999
 17.179999
 17.190039
 17.190039
 17.190039
 17.190039
 17.190039
 17.190039
 17.190039
 17.190039
 17.190039
 17.190039
 17.200001
 17.200001
 17.200001
 17.200001
 17.200001
 17.200001
 17.200001
 17.200001
 17.200001
 17.200001
 17.210008
 17.210008
 17.210008
 17.210008
 17.210008
 17.210008
 17.210008
 17.210008
 17.210008
 17.210008
 17.219995
 17.219995
 17.219995
 17.219995
 17.219995
 17.219995
 17.219995
 17.219995
 17.219995
 17.219995
 17.229997
 17.229997
 17.229997
 17.229997
 17.229997
 17.229997
 17.229997
 17.229997
 17.229997
 17.229997
 17.240001
 17.240001
 17.240001
 17.240001
 17.240001
 17.240001
 17.240001
 17.240001
 17.240001
 17.240001
 17.250003
 17.250003
 17.250003
 17.250003
 17.250003
 17.250003
 17.250003
 17.250003
 17.250003
 17.250003
 17.260005
 17.260005
 17.260005
 17.260005
 17.260005
 17.260005
 17.260005
 17.260005
 17.260005
 17.260005
 17.270042
 17.270042
 17.270042
 17.270042
 17.270042
 17.270042
 17.270042
 17.270042
 17.270042
 17.270042
 17.280007
 17.280007
 17.280007
 17.280007
 17.280007
 17.280007
 17.280007
 17.280007
 17.280007
 17.280007
 17.289998
 17.289998
 17.289998
 17.289998
 17.289998
 17.289998
 17.289998
 17.289998
 17.289998
 17.289998
 17.299997
 17.299997
 17.299997
 17.299997
 17.299997
 17.299997
 17.299997
 17.299997
 17.299997
 17.299997
     17.31
     17.31
     17.31
     17.31
     17.31
     17.31
     17.31
     17.31
     17.31
     17.31
 17.320001
 17.320001
 17.320001
 17.320001
 17.320001
 17.320001
 17.320001
 17.320001
 17.320001
 17.320001
     17.33
     17.33
     17.33
     17.33
     17.33
     17.33
     17.33
     17.33
     17.33
     17.33
     17.34
     17.34
     17.34
     17.34
     17.34
     17.34
     17.34
     17.34
     17.34
     17.34
 17.350018
 17.350018
 17.350018
 17.350018
 17.350018
 17.350018
 17.350018
 17.350018
 17.350018
 17.350018
 17.360008
 17.360008
 17.360008
 17.360008
 17.360008
 17.360008
 17.360008
 17.360008
 17.360008
 17.360008
 17.370005
 17.370005
 17.370005
 17.370005
 17.370005
 17.370005
 17.370005
 17.370005
 17.370005
 17.370005
 17.379995
 17.379995
 17.379995
 17.379995
 17.379995
 17.379995
 17.379995
 17.379995
 17.379995
 17.379995
 17.389997
 17.389997
 17.389997
 17.389997
 17.389997
 17.389997
 17.389997
 17.389997
 17.389997
 17.389997
 17.399994
 17.399994
 17.399994
 17.399994
 17.399994
 17.399994
 17.399994
 17.399994
 17.399994
 17.399994
 17.409996
 17.409996
 17.409996
 17.409996
 17.409996
 17.409996
 17.409996
 17.409996
 17.409996
 17.409996
 17.419999
 17.419999
 17.419999
 17.419999
 17.419999
 17.419999
 17.419999
 17.419999
 17.419999
 17.419999
     17.43
     17.43
     17.43
     17.43
     17.43
     17.43
     17.43
     17.43
     17.43
     17.43
 17.440015
 17.440015
 17.440015
 17.440015
 17.440015
 17.440015
 17.440015
 17.440015
 17.440015
 17.440015
 17.449998
 17.449998
 17.449998
 17.449998
 17.449998
 17.449998
 17.449998
 17.449998
 17.449998
 17.449998
 17.460008
 17.460008
 17.460008
 17.460008
 17.460008
 17.460008
 17.460008
 17.460008
 17.460008
 17.460008
 17.469999
 17.469999
 17.469999
 17.469999
 17.469999
 17.469999
 17.469999
 17.469999
 17.469999
 17.469999
 17.480005
 17.480005
 17.480005
 17.480005
 17.480005
 17.480005
 17.480005
 17.480005
 17.480005
 17.480005
 17.490007
 17.490007
 17.490007
 17.490007
 17.490007
 17.490007
 17.490007
 17.490007
 17.490007
 17.490007
 17.500005
 17.500005
 17.500005
 17.500005
 17.500005
 17.500005
 17.500005
 17.500005
 17.500005
 17.500005
 17.510001
 17.510001
 17.510001
 17.510001
 17.510001
 17.510001
 17.510001
 17.510001
 17.510001
 17.510001
 17.520018
 17.520018
 17.520018
 17.520018
 17.520018
 17.520018
 17.520018
 17.520018
 17.520018
 17.520018
  17.53001
  17.53001
  17.53001
  17.53001
  17.53001
  17.53001
  17.53001
  17.53001
  17.53001
  17.53001
     17.54
     17.54
     17.54
     17.54
     17.54
     17.54
     17.54
     17.54
     17.54
     17.54
 17.549996
 17.549996
 17.549996
 17.549996
 17.549996
 17.549996
 17.549996
 17.549996
 17.549996
 17.549996
 17.559997
 17.559997
 17.559997
 17.559997
 17.559997
 17.559997
 17.559997
 17.559997
 17.559997
 17.559997
 17.569998
 17.569998
 17.569998
 17.569998
 17.569998
 17.569998
 17.569998
 17.569998
 17.569998
 17.569998
 17.580002
 17.580002
 17.580002
 17.580002
 17.580002
 17.580002
 17.580002
 17.580002
 17.580002
 17.580002
 17.590006
 17.590006
 17.590006
 17.590006
 17.590006
 17.590006
 17.590006
 17.590006
 17.590006
 17.590006
 17.599994
 17.599994
 17.599994
 17.599994
 17.599994
 17.599994
 17.599994
 17.599994
 17.599994
 17.599994
 17.610016
 17.610016
 17.610016
 17.610016
 17.610016
 17.610016
 17.610016
 17.610016
 17.610016
 17.610016
 17.620001
 17.620001
 17.620001
 17.620001
 17.620001
 17.620001
 17.620001
 17.620001
 17.620001
 17.620001
  17.63001
  17.63001
  17.63001
  17.63001
  17.63001
  17.63001
  17.63001
  17.63001
  17.63001
  17.63001
 17.640003
 17.640003
 17.640003
 17.640003
 17.640003
 17.640003
 17.640003
 17.640003
 17.640003
 17.640003
 17.649999
 17.649999
 17.649999
 17.649999
 17.649999
 17.649999
 17.649999
 17.649999
 17.649999
 17.649999
 17.660001
 17.660001
 17.660001
 17.660001
 17.660001
 17.660001
 17.660001
 17.660001
 17.660001
 17.660001
 17.669998
 17.669998
 17.669998
 17.669998
 17.669998
 17.669998
 17.669998
 17.669998
 17.669998
 17.669998
 17.679996
 17.679996
 17.679996
 17.679996
 17.679996
 17.679996
 17.679996
 17.679996
 17.679996
 17.679996
 17.689997
 17.689997
 17.689997
 17.689997
 17.689997
 17.689997
 17.689997
 17.689997
 17.689997
 17.689997
 17.700015
 17.700015
 17.700015
 17.700015
 17.700015
 17.700015
 17.700015
 17.700015
 17.700015
 17.700015
 17.710005
 17.710005
 17.710005
 17.710005
 17.710005
 17.710005
 17.710005
 17.710005
 17.710005
 17.710005
 17.720006
 17.720006
 17.720006
 17.720006
 17.720006
 17.720006
 17.720006
 17.720006
 17.720006
 17.720006
 17.730002
 17.730002
 17.730002
 17.730002
 17.730002
 17.730002
 17.730002
 17.730002
 17.730002
 17.730002
     17.74
     17.74
     17.74
     17.74
     17.74
     17.74
     17.74
     17.74
     17.74
     17.74
     17.75
     17.75
     17.75
     17.75
     17.75
     17.75
     17.75
     17.75
     17.75
     17.75
     17.76
     17.76
     17.76
     17.76
     17.76
     17.76
     17.76
     17.76
     17.76
     17.76
 17.769996
 17.769996
 17.769996
 17.769996
 17.769996
 17.769996
 17.769996
 17.769996
 17.769996
 17.769996
 17.780017
 17.780017
 17.780017
 17.780017
 17.780017
 17.780017
 17.780017
 17.780017
 17.780017
 17.780017
 17.790006
 17.790006
 17.790006
 17.790006
 17.790006
 17.790006
 17.790006
 17.790006
 17.790006
 17.790006
      17.8
      17.8
      17.8
      17.8
      17.8
      17.8
      17.8
      17.8
      17.8
      17.8
 17.810005
 17.810005
 17.810005
 17.810005
 17.810005
 17.810005
 17.810005
 17.810005
 17.810005
 17.810005
 17.819994
 17.819994
 17.819994
 17.819994
 17.819994
 17.819994
 17.819994
 17.819994
 17.819994
 17.819994
 17.829996
 17.829996
 17.829996
 17.829996
 17.829996
 17.829996
 17.829996
 17.829996
 17.829996
 17.829996
 17.839997
 17.839997
 17.839997
 17.839997
 17.839997
 17.839997
 17.839997
 17.839997
 17.839997
 17.839997
 17.849996
 17.849996
 17.849996
 17.849996
 17.849996
 17.849996
 17.849996
 17.849996
 17.849996
 17.849996
 17.859998
 17.859998
 17.859998
 17.859998
 17.859998
 17.859998
 17.859998
 17.859998
 17.859998
 17.859998
 17.870015
 17.870015
 17.870015
 17.870015
 17.870015
 17.870015
 17.870015
 17.870015
 17.870015
 17.870015
 17.880008
 17.880008
 17.880008
 17.880008
 17.880008
 17.880008
 17.880008
 17.880008
 17.880008
 17.880008
 17.890002
 17.890002
 17.890002
 17.890002
 17.890002
 17.890002
 17.890002
 17.890002
 17.890002
 17.890002
      17.9
      17.9
      17.9
      17.9
      17.9
      17.9
      17.9
      17.9
      17.9
      17.9
     17.91
     17.91
     17.91
     17.91
     17.91
     17.91
     17.91
     17.91
     17.91
     17.91
 17.920007
 17.920007
 17.920007
 17.920007
 17.920007
 17.920007
 17.920007
 17.920007
 17.920007
 17.920007
 17.929997
 17.929997
 17.929997
 17.929997
 17.929997
 17.929997
 17.929997
 17.929997
 17.929997
 17.929997
 17.939995
 17.939995
 17.939995
 17.939995
 17.939995
 17.939995
 17.939995
 17.939995
 17.939995
 17.939995
 17.950018
 17.950018
 17.950018
 17.950018
 17.950018
 17.950018
 17.950018
 17.950018
 17.950018
 17.950018
 17.960001
 17.960001
 17.960001
 17.960001
 17.960001
 17.960001
 17.960001
 17.960001
 17.960001
 17.960001
 17.970007
 17.970007
 17.970007
 17.970007
 17.970007
 17.970007
 17.970007
 17.970007
 17.970007
 17.970007
     17.98
     17.98
     17.98
     17.98
     17.98
     17.98
     17.98
     17.98
     17.98
     17.98
 17.990013
 17.990013
 17.990013
 17.990013
 17.990013
 17.990013
 17.990013
 17.990013
 17.990013
 17.990013
 17.999998
 17.999998
 17.999998
 17.999998
 17.999998
 17.999998
 17.999998
 17.999998
 17.999998
 17.999998
     18.01
     18.01
     18.01
     18.01
     18.01
     18.01
     18.01
     18.01
     18.01
     18.01
 18.019997
 18.019997
 18.019997
 18.019997
 18.019997
 18.019997
 18.019997
 18.019997
 18.019997
 18.019997
 18.030014
 18.030014
 18.030014
 18.030014
 18.030014
 18.030014
 18.030014
 18.030014
 18.030014
 18.030014
     18.04
     18.04
     18.04
     18.04
     18.04
     18.04
     18.04
     18.04
     18.04
     18.04
 18.050007
 18.050007
 18.050007
 18.050007
 18.050007
 18.050007
 18.050007
 18.050007
 18.050007
 18.050007
     18.06
     18.06
     18.06
     18.06
     18.06
     18.06
     18.06
     18.06
     18.06
     18.06
 18.070003
 18.070003
 18.070003
 18.070003
 18.070003
 18.070003
 18.070003
 18.070003
 18.070003
 18.070003
     18.08
     18.08
     18.08
     18.08
     18.08
     18.08
     18.08
     18.08
     18.08
     18.08
 18.090002
 18.090002
 18.090002
 18.090002
 18.090002
 18.090002
 18.090002
 18.090002
 18.090002
 18.090002
 18.100003
 18.100003
 18.100003
 18.100003
 18.100003
 18.100003
 18.100003
 18.100003
 18.100003
 18.100003
 18.110011
 18.110011
 18.110011
 18.110011
 18.110011
 18.110011
 18.110011
 18.110011
 18.110011
 18.110011
 18.120008
 18.120008
 18.120008
 18.120008
 18.120008
 18.120008
 18.120008
 18.120008
 18.120008
 18.120008
 18.129999
 18.129999
 18.129999
 18.129999
 18.129999
 18.129999
 18.129999
 18.129999
 18.129999
 18.129999
 18.140009
 18.140009
 18.140009
 18.140009
 18.140009
 18.140009
 18.140009
 18.140009
 18.140009
 18.140009
 18.149997
 18.149997
 18.149997
 18.149997
 18.149997
 18.149997
 18.149997
 18.149997
 18.149997
 18.149997
 18.160004
 18.160004
 18.160004
 18.160004
 18.160004
 18.160004
 18.160004
 18.160004
 18.160004
 18.160004
 18.169999
 18.169999
 18.169999
 18.169999
 18.169999
 18.169999
 18.169999
 18.169999
 18.169999
 18.169999
 18.179998
 18.179998
 18.179998
 18.179998
 18.179998
 18.179998
 18.179998
 18.179998
 18.179998
 18.179998
 18.190014
 18.190014
 18.190014
 18.190014
 18.190014
 18.190014
 18.190014
 18.190014
 18.190014
 18.190014
      18.2
      18.2
      18.2
      18.2
      18.2
      18.2
      18.2
      18.2
      18.2
      18.2
 18.210012
 18.210012
 18.210012
 18.210012
 18.210012
 18.210012
 18.210012
 18.210012
 18.210012
 18.210012
     18.22
     18.22
     18.22
     18.22
     18.22
     18.22
     18.22
     18.22
     18.22
     18.22
     18.23
     18.23
     18.23
     18.23
     18.23
     18.23
     18.23
     18.23
     18.23
     18.23
 18.240002
 18.240002
 18.240002
 18.240002
 18.240002
 18.240002
 18.240002
 18.240002
 18.240002
 18.240002
 18.250006
 18.250006
 18.250006
 18.250006
 18.250006
 18.250006
 18.250006
 18.250006
 18.250006
 18.250006
 18.259999
 18.259999
 18.259999
 18.259999
 18.259999
 18.259999
 18.259999
 18.259999
 18.259999
 18.259999
 18.270005
 18.270005
 18.270005
 18.270005
 18.270005
 18.270005
 18.270005
 18.270005
 18.270005
 18.270005
 18.280015
 18.280015
 18.280015
 18.280015
 18.280015
 18.280015
 18.280015
 18.280015
 18.280015
 18.280015
     18.29
     18.29
     18.29
     18.29
     18.29
     18.29
     18.29
     18.29
     18.29
     18.29
 18.300013
 18.300013
 18.300013
 18.300013
 18.300013
 18.300013
 18.300013
 18.300013
 18.300013
 18.300013
 18.309997
 18.309997
 18.309997
 18.309997
 18.309997
 18.309997
 18.309997
 18.309997
 18.309997
 18.309997
 18.320001
 18.320001
 18.320001
 18.320001
 18.320001
 18.320001
 18.320001
 18.320001
 18.320001
 18.320001
 18.329999
 18.329999
 18.329999
 18.329999
 18.329999
 18.329999
 18.329999
 18.329999
 18.329999
 18.329999
 18.339999
 18.339999
 18.339999
 18.339999
 18.339999
 18.339999
 18.339999
 18.339999
 18.339999
 18.339999
 18.350003
 18.350003
 18.350003
 18.350003
 18.350003
 18.350003
 18.350003
 18.350003
 18.350003
 18.350003
 18.360015
 18.360015
 18.360015
 18.360015
 18.360015
 18.360015
 18.360015
 18.360015
 18.360015
 18.360015
 18.370005
 18.370005
 18.370005
 18.370005
 18.370005
 18.370005
 18.370005
 18.370005
 18.370005
 18.370005
 18.380012
 18.380012
 18.380012
 18.380012
 18.380012
 18.380012
 18.380012
 18.380012
 18.380012
 18.380012
 18.390003
 18.390003
 18.390003
 18.390003
 18.390003
 18.390003
 18.390003
 18.390003
 18.390003
 18.390003
 18.399997
 18.399997
 18.399997
 18.399997
 18.399997
 18.399997
 18.399997
 18.399997
 18.399997
 18.399997
     18.41
     18.41
     18.41
     18.41
     18.41
     18.41
     18.41
     18.41
     18.41
     18.41
 18.419998
 18.419998
 18.419998
 18.419998
 18.419998
 18.419998
 18.419998
 18.419998
 18.419998
 18.419998
 18.429998
 18.429998
 18.429998
 18.429998
 18.429998
 18.429998
 18.429998
 18.429998
 18.429998
 18.429998
 18.440017
 18.440017
 18.440017
 18.440017
 18.440017
 18.440017
 18.440017
 18.440017
 18.440017
 18.440017
     18.45
     18.45
     18.45
     18.45
     18.45
     18.45
     18.45
     18.45
     18.45
     18.45
 18.460013
 18.460013
 18.460013
 18.460013
 18.460013
 18.460013
 18.460013
 18.460013
 18.460013
 18.460013
 18.470003
 18.470003
 18.470003
 18.470003
 18.470003
 18.470003
 18.470003
 18.470003
 18.470003
 18.470003
 18.479996
 18.479996
 18.479996
 18.479996
 18.479996
 18.479996
 18.479996
 18.479996
 18.479996
 18.479996
 18.490012
 18.490012
 18.490012
 18.490012
 18.490012
 18.490012
 18.490012
 18.490012
 18.490012
 18.490012
      18.5
      18.5
      18.5
      18.5
      18.5
      18.5
      18.5
      18.5
      18.5
      18.5
 18.510001
 18.510001
 18.510001
 18.510001
 18.510001
 18.510001
 18.510001
 18.510001
 18.510001
 18.510001
  18.52001
  18.52001
  18.52001
  18.52001
  18.52001
  18.52001
  18.52001
  18.52001
  18.52001
  18.52001
 18.530002
 18.530002
 18.530002
 18.530002
 18.530002
 18.530002
 18.530002
 18.530002
 18.530002
 18.530002
 18.540012
 18.540012
 18.540012
 18.540012
 18.540012
 18.540012
 18.540012
 18.540012
 18.540012
 18.540012
 18.549999
 18.549999
 18.549999
 18.549999
 18.549999
 18.549999
 18.549999
 18.549999
 18.549999
 18.549999
 18.559998
 18.559998
 18.559998
 18.559998
 18.559998
 18.559998
 18.559998
 18.559998
 18.559998
 18.559998
 18.569996
 18.569996
 18.569996
 18.569996
 18.569996
 18.569996
 18.569996
 18.569996
 18.569996
 18.569996
 18.580007
 18.580007
 18.580007
 18.580007
 18.580007
 18.580007
 18.580007
 18.580007
 18.580007
 18.580007
 18.589997
 18.589997
 18.589997
 18.589997
 18.589997
 18.589997
 18.589997
 18.589997
 18.589997
 18.589997
 18.600013
 18.600013
 18.600013
 18.600013
 18.600013
 18.600013
 18.600013
 18.600013
 18.600013
 18.600013
 18.610004
 18.610004
 18.610004
 18.610004
 18.610004
 18.610004
 18.610004
 18.610004
 18.610004
 18.610004
 18.620011
 18.620011
 18.620011
 18.620011
 18.620011
 18.620011
 18.620011
 18.620011
 18.620011
 18.620011
 18.629995
 18.629995
 18.629995
 18.629995
 18.629995
 18.629995
 18.629995
 18.629995
 18.629995
 18.629995
 18.640006
 18.640006
 18.640006
 18.640006
 18.640006
 18.640006
 18.640006
 18.640006
 18.640006
 18.640006
 18.649997
 18.649997
 18.649997
 18.649997
 18.649997
 18.649997
 18.649997
 18.649997
 18.649997
 18.649997
     18.66
     18.66
     18.66
     18.66
     18.66
     18.66
     18.66
     18.66
     18.66
     18.66
  18.67001
  18.67001
  18.67001
  18.67001
  18.67001
  18.67001
  18.67001
  18.67001
  18.67001
  18.67001
 18.680003
 18.680003
 18.680003
 18.680003
 18.680003
 18.680003
 18.680003
 18.680003
 18.680003
 18.680003
 18.690006
 18.690006
 18.690006
 18.690006
 18.690006
 18.690006
 18.690006
 18.690006
 18.690006
 18.690006
 18.699997
 18.699997
 18.699997
 18.699997
 18.699997
 18.699997
 18.699997
 18.699997
 18.699997
 18.699997
     18.71
     18.71
     18.71
     18.71
     18.71
     18.71
     18.71
     18.71
     18.71
     18.71
 18.720001
 18.720001
 18.720001
 18.720001
 18.720001
 18.720001
 18.720001
 18.720001
 18.720001
 18.720001
 18.730008
 18.730008
 18.730008
 18.730008
 18.730008
 18.730008
 18.730008
 18.730008
 18.730008
 18.730008
 18.740007
 18.740007
 18.740007
 18.740007
 18.740007
 18.740007
 18.740007
 18.740007
 18.740007
 18.740007
 18.750012
 18.750012
 18.750012
 18.750012
 18.750012
 18.750012
 18.750012
 18.750012
 18.750012
 18.750012
 18.759995
 18.759995
 18.759995
 18.759995
 18.759995
 18.759995
 18.759995
 18.759995
 18.759995
 18.759995
 18.769999
 18.769999
 18.769999
 18.769999
 18.769999
 18.769999
 18.769999
 18.769999
 18.769999
 18.769999
 18.780004
 18.780004
 18.780004
 18.780004
 18.780004
 18.780004
 18.780004
 18.780004
 18.780004
 18.780004
 18.790004
 18.790004
 18.790004
 18.790004
 18.790004
 18.790004
 18.790004
 18.790004
 18.790004
 18.790004
 18.800004
 18.800004
 18.800004
 18.800004
 18.800004
 18.800004
 18.800004
 18.800004
 18.800004
 18.800004
 18.810002
 18.810002
 18.810002
 18.810002
 18.810002
 18.810002
 18.810002
 18.810002
 18.810002
 18.810002
 18.820004
 18.820004
 18.820004
 18.820004
 18.820004
 18.820004
 18.820004
 18.820004
 18.820004
 18.820004
     18.83
     18.83
     18.83
     18.83
     18.83
     18.83
     18.83
     18.83
     18.83
     18.83
  18.84001
  18.84001
  18.84001
  18.84001
  18.84001
  18.84001
  18.84001
  18.84001
  18.84001
  18.84001
 18.849995
 18.849995
 18.849995
 18.849995
 18.849995
 18.849995
 18.849995
 18.849995
 18.849995
 18.849995
 18.859999
 18.859999
 18.859999
 18.859999
 18.859999
 18.859999
 18.859999
 18.859999
 18.859999
 18.859999
 18.869998
 18.869998
 18.869998
 18.869998
 18.869998
 18.869998
 18.869998
 18.869998
 18.869998
 18.869998
 18.880002
 18.880002
 18.880002
 18.880002
 18.880002
 18.880002
 18.880002
 18.880002
 18.880002
 18.880002
     18.89
     18.89
     18.89
     18.89
     18.89
     18.89
     18.89
     18.89
     18.89
     18.89
      18.9
      18.9
      18.9
      18.9
      18.9
      18.9
      18.9
      18.9
      18.9
      18.9
 18.910007
 18.910007
 18.910007
 18.910007
 18.910007
 18.910007
 18.910007
 18.910007
 18.910007
 18.910007
 18.920009
 18.920009
 18.920009
 18.920009
 18.920009
 18.920009
 18.920009
 18.920009
 18.920009
 18.920009
 18.930001
 18.930001
 18.930001
 18.930001
 18.930001
 18.930001
 18.930001
 18.930001
 18.930001
 18.930001
  18.94001
  18.94001
  18.94001
  18.94001
  18.94001
  18.94001
  18.94001
  18.94001
  18.94001
  18.94001
 18.949994
 18.949994
 18.949994
 18.949994
 18.949994
 18.949994
 18.949994
 18.949994
 18.949994
 18.949994
 18.959998
 18.959998
 18.959998
 18.959998
 18.959998
 18.959998
 18.959998
 18.959998
 18.959998
 18.959998
 18.969999
 18.969999
 18.969999
 18.969999
 18.969999
 18.969999
 18.969999
 18.969999
 18.969999
 18.969999
     18.98
     18.98
     18.98
     18.98
     18.98
     18.98
     18.98
     18.98
     18.98
     18.98
 18.990006
 18.990006
 18.990006
 18.990006
 18.990006
 18.990006
 18.990006
 18.990006
 18.990006
 18.990006
  19.00001
  19.00001
  19.00001
  19.00001
  19.00001
  19.00001
  19.00001
  19.00001
  19.00001
  19.00001
 19.010002
 19.010002
 19.010002
 19.010002
 19.010002
 19.010002
 19.010002
 19.010002
 19.010002
 19.010002
 19.020013
 19.020013
 19.020013
 19.020013
 19.020013
 19.020013
 19.020013
 19.020013
 19.020013
 19.020013
     19.03
     19.03
     19.03
     19.03
     19.03
     19.03
     19.03
     19.03
     19.03
     19.03
 19.039994
 19.039994
 19.039994
 19.039994
 19.039994
 19.039994
 19.039994
 19.039994
 19.039994
 19.039994
 19.049997
 19.049997
 19.049997
 19.049997
 19.049997
 19.049997
 19.049997
 19.049997
 19.049997
 19.049997
 19.059998
 19.059998
 19.059998
 19.059998
 19.059998
 19.059998
 19.059998
 19.059998
 19.059998
 19.059998
  19.07001
  19.07001
  19.07001
  19.07001
  19.07001
  19.07001
  19.07001
  19.07001
  19.07001
  19.07001
 19.079998
 19.079998
 19.079998
 19.079998
 19.079998
 19.079998
 19.079998
 19.079998
 19.079998
 19.079998
 19.089996
 19.089996
 19.089996
 19.089996
 19.089996
 19.089996
 19.089996
 19.089996
 19.089996
 19.089996
 19.099999
 19.099999
 19.099999
 19.099999
 19.099999
 19.099999
 19.099999
 19.099999
 19.099999
 19.099999
 19.109998
 19.109998
 19.109998
 19.109998
 19.109998
 19.109998
 19.109998
 19.109998
 19.109998
 19.109998
 19.120005
 19.120005
 19.120005
 19.120005
 19.120005
 19.120005
 19.120005
 19.120005
 19.120005
 19.120005
 19.130012
 19.130012
 19.130012
 19.130012
 19.130012
 19.130012
 19.130012
 19.130012
 19.130012
 19.130012
 19.140011
 19.140011
 19.140011
 19.140011
 19.140011
 19.140011
 19.140011
 19.140011
 19.140011
 19.140011
     19.15
     19.15
     19.15
     19.15
     19.15
     19.15
     19.15
     19.15
     19.15
     19.15
 19.160004
 19.160004
 19.160004
 19.160004
 19.160004
 19.160004
 19.160004
 19.160004
 19.160004
 19.160004
 19.169996
 19.169996
 19.169996
 19.169996
 19.169996
 19.169996
 19.169996
 19.169996
 19.169996
 19.169996
 19.179998
 19.179998
 19.179998
 19.179998
 19.179998
 19.179998
 19.179998
 19.179998
 19.179998
 19.179998
 19.190001
 19.190001
 19.190001
 19.190001
 19.190001
 19.190001
 19.190001
 19.190001
 19.190001
 19.190001
 19.199998
 19.199998
 19.199998
 19.199998
 19.199998
 19.199998
 19.199998
 19.199998
 19.199998
 19.199998
     19.21
     19.21
     19.21
     19.21
     19.21
     19.21
     19.21
     19.21
     19.21
     19.21
 19.220007
 19.220007
 19.220007
 19.220007
 19.220007
 19.220007
 19.220007
 19.220007
 19.220007
 19.220007
 19.230003
 19.230003
 19.230003
 19.230003
 19.230003
 19.230003
 19.230003
 19.230003
 19.230003
 19.230003
 19.240009
 19.240009
 19.240009
 19.240009
 19.240009
 19.240009
 19.240009
 19.240009
 19.240009
 19.240009
 19.249999
 19.249999
 19.249999
 19.249999
 19.249999
 19.249999
 19.249999
 19.249999
 19.249999
 19.249999
 19.259997
 19.259997
 19.259997
 19.259997
 19.259997
 19.259997
 19.259997
 19.259997
 19.259997
 19.259997
 19.269997
 19.269997
 19.269997
 19.269997
 19.269997
 19.269997
 19.269997
 19.269997
 19.269997
 19.269997
 19.279996
 19.279996
 19.279996
 19.279996
 19.279996
 19.279996
 19.279996
 19.279996
 19.279996
 19.279996
 19.289997
 19.289997
 19.289997
 19.289997
 19.289997
 19.289997
 19.289997
 19.289997
 19.289997
 19.289997
 19.300011
 19.300011
 19.300011
 19.300011
 19.300011
 19.300011
 19.300011
 19.300011
 19.300011
 19.300011
 19.310002
 19.310002
 19.310002
 19.310002
 19.310002
 19.310002
 19.310002
 19.310002
 19.310002
 19.310002
 19.320011
 19.320011
 19.320011
 19.320011
 19.320011
 19.320011
 19.320011
 19.320011
 19.320011
 19.320011
     19.33
     19.33
     19.33
     19.33
     19.33
     19.33
     19.33
     19.33
     19.33
     19.33
 19.340001
 19.340001
 19.340001
 19.340001
 19.340001
 19.340001
 19.340001
 19.340001
 19.340001
 19.340001
 19.350006
 19.350006
 19.350006
 19.350006
 19.350006
 19.350006
 19.350006
 19.350006
 19.350006
 19.350006
 19.359999
 19.359999
 19.359999
 19.359999
 19.359999
 19.359999
 19.359999
 19.359999
 19.359999
 19.359999
 19.370002
 19.370002
 19.370002
 19.370002
 19.370002
 19.370002
 19.370002
 19.370002
 19.370002
 19.370002
 19.379996
 19.379996
 19.379996
 19.379996
 19.379996
 19.379996
 19.379996
 19.379996
 19.379996
 19.379996
 19.389998
 19.389998
 19.389998
 19.389998
 19.389998
 19.389998
 19.389998
 19.389998
 19.389998
 19.389998
 19.399998
 19.399998
 19.399998
 19.399998
 19.399998
 19.399998
 19.399998
 19.399998
 19.399998
 19.399998
     19.41
     19.41
     19.41
     19.41
     19.41
     19.41
     19.41
     19.41
     19.41
     19.41
 19.420005
 19.420005
 19.420005
 19.420005
 19.420005
 19.420005
 19.420005
 19.420005
 19.420005
 19.420005
 19.430012
 19.430012
 19.430012
 19.430012
 19.430012
 19.430012
 19.430012
 19.430012
 19.430012
 19.430012
 19.440002
 19.440002
 19.440002
 19.440002
 19.440002
 19.440002
 19.440002
 19.440002
 19.440002
 19.440002
 19.450002
 19.450002
 19.450002
 19.450002
 19.450002
 19.450002
 19.450002
 19.450002
 19.450002
 19.450002
 19.460011
 19.460011
 19.460011
 19.460011
 19.460011
 19.460011
 19.460011
 19.460011
 19.460011
 19.460011
 19.469999
 19.469999
 19.469999
 19.469999
 19.469999
 19.469999
 19.469999
 19.469999
 19.469999
 19.469999
 19.479999
 19.479999
 19.479999
 19.479999
 19.479999
 19.479999
 19.479999
 19.479999
 19.479999
 19.479999
 19.490007
 19.490007
 19.490007
 19.490007
 19.490007
 19.490007
 19.490007
 19.490007
 19.490007
 19.490007
 19.500002
 19.500002
 19.500002
 19.500002
 19.500002
 19.500002
 19.500002
 19.500002
 19.500002
 19.500002
 19.509998
 19.509998
 19.509998
 19.509998
 19.509998
 19.509998
 19.509998
 19.509998
 19.509998
 19.509998
     19.52
     19.52
     19.52
     19.52
     19.52
     19.52
     19.52
     19.52
     19.52
     19.52
 19.530006
 19.530006
 19.530006
 19.530006
 19.530006
 19.530006
 19.530006
 19.530006
 19.530006
 19.530006
 19.540007
 19.540007
 19.540007
 19.540007
 19.540007
 19.540007
 19.540007
 19.540007
 19.540007
 19.540007
 19.550005
 19.550005
 19.550005
 19.550005
 19.550005
 19.550005
 19.550005
 19.550005
 19.550005
 19.550005
 19.559997
 19.559997
 19.559997
 19.559997
 19.559997
 19.559997
 19.559997
 19.559997
 19.559997
 19.559997
 19.570011
 19.570011
 19.570011
 19.570011
 19.570011
 19.570011
 19.570011
 19.570011
 19.570011
 19.570011
 19.579996
 19.579996
 19.579996
 19.579996
 19.579996
 19.579996
 19.579996
 19.579996
 19.579996
 19.579996
     19.59
     19.59
     19.59
     19.59
     19.59
     19.59
     19.59
     19.59
     19.59
     19.59
 19.600002
 19.600002
 19.600002
 19.600002
 19.600002
 19.600002
 19.600002
 19.600002
 19.600002
 19.600002
     19.61
     19.61
     19.61
     19.61
     19.61
     19.61
     19.61
     19.61
     19.61
     19.61
 19.620007
 19.620007
 19.620007
 19.620007
 19.620007
 19.620007
 19.620007
 19.620007
 19.620007
 19.620007
  19.63001
  19.63001
  19.63001
  19.63001
  19.63001
  19.63001
  19.63001
  19.63001
  19.63001
  19.63001
 19.640001
 19.640001
 19.640001
 19.640001
 19.640001
 19.640001
 19.640001
 19.640001
 19.640001
 19.640001
 19.649999
 19.649999
 19.649999
 19.649999
 19.649999
 19.649999
 19.649999
 19.649999
 19.649999
 19.649999
 19.659998
 19.659998
 19.659998
 19.659998
 19.659998
 19.659998
 19.659998
 19.659998
 19.659998
 19.659998
 19.670003
 19.670003
 19.670003
 19.670003
 19.670003
 19.670003
 19.670003
 19.670003
 19.670003
 19.670003
 19.680005
 19.680005
 19.680005
 19.680005
 19.680005
 19.680005
 19.680005
 19.680005
 19.680005
 19.680005
 19.689998
 19.689998
 19.689998
 19.689998
 19.689998
 19.689998
 19.689998
 19.689998
 19.689998
 19.689998
      19.7
      19.7
      19.7
      19.7
      19.7
      19.7
      19.7
      19.7
      19.7
      19.7
 19.710006
 19.710006
 19.710006
 19.710006
 19.710006
 19.710006
 19.710006
 19.710006
 19.710006
 19.710006
     19.72
     19.72
     19.72
     19.72
     19.72
     19.72
     19.72
     19.72
     19.72
     19.72
 19.730005
 19.730005
 19.730005
 19.730005
 19.730005
 19.730005
 19.730005
 19.730005
 19.730005
 19.730005
 19.739998
 19.739998
 19.739998
 19.739998
 19.739998
 19.739998
 19.739998
 19.739998
 19.739998
 19.739998
 19.750001
 19.750001
 19.750001
 19.750001
 19.750001
 19.750001
 19.750001
 19.750001
 19.750001
 19.750001
 19.759998
 19.759998
 19.759998
 19.759998
 19.759998
 19.759998
 19.759998
 19.759998
 19.759998
 19.759998
     19.77
     19.77
     19.77
     19.77
     19.77
     19.77
     19.77
     19.77
     19.77
     19.77
 19.779999
 19.779999
 19.779999
 19.779999
 19.779999
 19.779999
 19.779999
 19.779999
 19.779999
 19.779999
 19.789999
 19.789999
 19.789999
 19.789999
 19.789999
 19.789999
 19.789999
 19.789999
 19.789999
 19.789999
      19.8
      19.8
      19.8
      19.8
      19.8
      19.8
      19.8
      19.8
      19.8
      19.8
 19.810001
 19.810001
 19.810001
 19.810001
 19.810001
 19.810001
 19.810001
 19.810001
 19.810001
 19.810001
 19.820002
 19.820002
 19.820002
 19.820002
 19.820002
 19.820002
 19.820002
 19.820002
 19.820002
 19.820002
 19.829995
 19.829995
 19.829995
 19.829995
 19.829995
 19.829995
 19.829995
 19.829995
 19.829995
 19.829995
 19.839999
 19.839999
 19.839999
 19.839999
 19.839999
 19.839999
 19.839999
 19.839999
 19.839999
 19.839999
     19.85
     19.85
     19.85
     19.85
     19.85
     19.85
     19.85
     19.85
     19.85
     19.85
 19.859998
 19.859998
 19.859998
 19.859998
 19.859998
 19.859998
 19.859998
 19.859998
 19.859998
 19.859998
 19.870002
 19.870002
 19.870002
 19.870002
 19.870002
 19.870002
 19.870002
 19.870002
 19.870002
 19.870002
 19.880009
 19.880009
 19.880009
 19.880009
 19.880009
 19.880009
 19.880009
 19.880009
 19.880009
 19.880009
 19.889997
 19.889997
 19.889997
 19.889997
 19.889997
 19.889997
 19.889997
 19.889997
 19.889997
 19.889997
 19.899993
 19.899993
 19.899993
 19.899993
 19.899993
 19.899993
 19.899993
 19.899993
 19.899993
 19.899993
 19.910001
 19.910001
 19.910001
 19.910001
 19.910001
 19.910001
 19.910001
 19.910001
 19.910001
 19.910001
 19.919998
 19.919998
 19.919998
 19.919998
 19.919998
 19.919998
 19.919998
 19.919998
 19.919998
 19.919998
 19.929998
 19.929998
 19.929998
 19.929998
 19.929998
 19.929998
 19.929998
 19.929998
 19.929998
 19.929998
 19.940011
 19.940011
 19.940011
 19.940011
 19.940011
 19.940011
 19.940011
 19.940011
 19.940011
 19.940011
 19.950032
 19.950032
 19.950032
 19.950032
 19.950032
 19.950032
 19.950032
 19.950032
 19.950032
 19.950032
 19.960037
 19.960037
 19.960037
 19.960037
 19.960037
 19.960037
 19.960037
 19.960037
 19.960037
 19.960037
 19.970005
 19.970005
 19.970005
 19.970005
 19.970005
 19.970005
 19.970005
 19.970005
 19.970005
 19.970005
 19.980004
 19.980004
 19.980004
 19.980004
 19.980004
 19.980004
 19.980004
 19.980004
 19.980004
 19.980004
 19.990018
 19.990018
 19.990018
 19.990018
 19.990018
 19.990018
 19.990018
 19.990018
 19.990018
 19.990018
 20.000038
 20.000038
 20.000038
 20.000038
 20.000038
 20.000038
 20.000038
 20.000038
 20.000038
 20.000038
 20.010007
 20.010007
 20.010007
 20.010007
 20.010007
 20.010007
 20.010007
 20.010007
 20.010007
 20.010007
 20.020044
 20.020044
 20.020044
 20.020044
 20.020044
 20.020044
 20.020044
 20.020044
 20.020044
 20.020044
  20.03001
  20.03001
  20.03001
  20.03001
  20.03001
  20.03001
  20.03001
  20.03001
  20.03001
  20.03001
  20.04003
  20.04003
  20.04003
  20.04003
  20.04003
  20.04003
  20.04003
  20.04003
  20.04003
  20.04003
  20.05003
  20.05003
  20.05003
  20.05003
  20.05003
  20.05003
  20.05003
  20.05003
  20.05003
  20.05003
 20.060026
 20.060026
 20.060026
 20.060026
 20.060026
 20.060026
 20.060026
 20.060026
 20.060026
 20.060026
 20.070053
 20.070053
 20.070053
 20.070053
 20.070053
 20.070053
 20.070053
 20.070053
 20.070053
 20.070053
 20.080041
 20.080041
 20.080041
 20.080041
 20.080041
 20.080041
 20.080041
 20.080041
 20.080041
 20.080041
 20.090038
 20.090038
 20.090038
 20.090038
 20.090038
 20.090038
 20.090038
 20.090038
 20.090038
 20.090038
 20.100042
 20.100042
 20.100042
 20.100042
 20.100042
 20.100042
 20.100042
 20.100042
 20.100042
 20.100042
 20.110052
 20.110052
 20.110052
 20.110052
 20.110052
 20.110052
 20.110052
 20.110052
 20.110052
 20.110052
 20.120035
 20.120035
 20.120035
 20.120035
 20.120035
 20.120035
 20.120035
 20.120035
 20.120035
 20.120035
 20.130035
 20.130035
 20.130035
 20.130035
 20.130035
 20.130035
 20.130035
 20.130035
 20.130035
 20.130035
 20.140044
 20.140044
 20.140044
 20.140044
 20.140044
 20.140044
 20.140044
 20.140044
 20.140044
 20.140044
 20.150037
 20.150037
 20.150037
 20.150037
 20.150037
 20.150037
 20.150037
 20.150037
 20.150037
 20.150037
 20.160043
 20.160043
 20.160043
 20.160043
 20.160043
 20.160043
 20.160043
 20.160043
 20.160043
 20.160043
  20.17006
  20.17006
  20.17006
  20.17006
  20.17006
  20.17006
  20.17006
  20.17006
  20.17006
  20.17006
 20.180035
 20.180035
 20.180035
 20.180035
 20.180035
 20.180035
 20.180035
 20.180035
 20.180035
 20.180035
 20.190032
 20.190032
 20.190032
 20.190032
 20.190032
 20.190032
 20.190032
 20.190032
 20.190032
 20.190032
 20.200041
 20.200041
 20.200041
 20.200041
 20.200041
 20.200041
 20.200041
 20.200041
 20.200041
 20.200041
 20.210042
 20.210042
 20.210042
 20.210042
 20.210042
 20.210042
 20.210042
 20.210042
 20.210042
 20.210042
 20.220068
 20.220068
 20.220068
 20.220068
 20.220068
 20.220068
 20.220068
 20.220068
 20.220068
 20.220068
 20.230037
 20.230037
 20.230037
 20.230037
 20.230037
 20.230037
 20.230037
 20.230037
 20.230037
 20.230037
 20.240032
 20.240032
 20.240032
 20.240032
 20.240032
 20.240032
 20.240032
 20.240032
 20.240032
 20.240032
  20.25004
  20.25004
  20.25004
  20.25004
  20.25004
  20.25004
  20.25004
  20.25004
  20.25004
  20.25004
 20.260043
 20.260043
 20.260043
 20.260043
 20.260043
 20.260043
 20.260043
 20.260043
 20.260043
 20.260043
 20.270042
 20.270042
 20.270042
 20.270042
 20.270042
 20.270042
 20.270042
 20.270042
 20.270042
 20.270042
 20.280054
 20.280054
 20.280054
 20.280054
 20.280054
 20.280054
 20.280054
 20.280054
 20.280054
 20.280054
 20.290047
 20.290047
 20.290047
 20.290047
 20.290047
 20.290047
 20.290047
 20.290047
 20.290047
 20.290047
 20.300045
 20.300045
 20.300045
 20.300045
 20.300045
 20.300045
 20.300045
 20.300045
 20.300045
 20.300045
 20.310041
 20.310041
 20.310041
 20.310041
 20.310041
 20.310041
 20.310041
 20.310041
 20.310041
 20.310041
 20.320046
 20.320046
 20.320046
 20.320046
 20.320046
 20.320046
 20.320046
 20.320046
 20.320046
 20.320046
 20.330048
 20.330048
 20.330048
 20.330048
 20.330048
 20.330048
 20.330048
 20.330048
 20.330048
 20.330048
 20.340053
 20.340053
 20.340053
 20.340053
 20.340053
 20.340053
 20.340053
 20.340053
 20.340053
 20.340053
 20.350035
 20.350035
 20.350035
 20.350035
 20.350035
 20.350035
 20.350035
 20.350035
 20.350035
 20.350035
  20.36004
  20.36004
  20.36004
  20.36004
  20.36004
  20.36004
  20.36004
  20.36004
  20.36004
  20.36004
 20.370045
 20.370045
 20.370045
 20.370045
 20.370045
 20.370045
 20.370045
 20.370045
 20.370045
 20.370045
 20.380041
 20.380041
 20.380041
 20.380041
 20.380041
 20.380041
 20.380041
 20.380041
 20.380041
 20.380041
 20.390055
 20.390055
 20.390055
 20.390055
 20.390055
 20.390055
 20.390055
 20.390055
 20.390055
 20.390055
 20.400047
 20.400047
 20.400047
 20.400047
 20.400047
 20.400047
 20.400047
 20.400047
 20.400047
 20.400047
 20.410036
 20.410036
 20.410036
 20.410036
 20.410036
 20.410036
 20.410036
 20.410036
 20.410036
 20.410036
 20.420036
 20.420036
 20.420036
 20.420036
 20.420036
 20.420036
 20.420036
 20.420036
 20.420036
 20.420036
  20.43006
  20.43006
  20.43006
  20.43006
  20.43006
  20.43006
  20.43006
  20.43006
  20.43006
  20.43006
 20.440051
 20.440051
 20.440051
 20.440051
 20.440051
 20.440051
 20.440051
 20.440051
 20.440051
 20.440051
 20.450044
 20.450044
 20.450044
 20.450044
 20.450044
 20.450044
 20.450044
 20.450044
 20.450044
 20.450044
 20.460041
 20.460041
 20.460041
 20.460041
 20.460041
 20.460041
 20.460041
 20.460041
 20.460041
 20.460041
 20.470039
 20.470039
 20.470039
 20.470039
 20.470039
 20.470039
 20.470039
 20.470039
 20.470039
 20.470039
 20.480047
 20.480047
 20.480047
 20.480047
 20.480047
 20.480047
 20.480047
 20.480047
 20.480047
 20.480047
 20.490054
 20.490054
 20.490054
 20.490054
 20.490054
 20.490054
 20.490054
 20.490054
 20.490054
 20.490054
 20.500062
 20.500062
 20.500062
 20.500062
 20.500062
 20.500062
 20.500062
 20.500062
 20.500062
 20.500062
  20.51004
  20.51004
  20.51004
  20.51004
  20.51004
  20.51004
  20.51004
  20.51004
  20.51004
  20.51004
 20.520054
 20.520054
 20.520054
 20.520054
 20.520054
 20.520054
 20.520054
 20.520054
 20.520054
 20.520054
 20.530032
 20.530032
 20.530032
 20.530032
 20.530032
 20.530032
 20.530032
 20.530032
 20.530032
 20.530032
 20.540039
 20.540039
 20.540039
 20.540039
 20.540039
 20.540039
 20.540039
 20.540039
 20.540039
 20.540039
 20.550053
 20.550053
 20.550053
 20.550053
 20.550053
 20.550053
 20.550053
 20.550053
 20.550053
 20.550053
 20.560043
 20.560043
 20.560043
 20.560043
 20.560043
 20.560043
 20.560043
 20.560043
 20.560043
 20.560043
 20.570041
 20.570041
 20.570041
 20.570041
 20.570041
 20.570041
 20.570041
 20.570041
 20.570041
 20.570041
 20.580041
 20.580041
 20.580041
 20.580041
 20.580041
 20.580041
 20.580041
 20.580041
 20.580041
 20.580041
 20.590044
 20.590044
 20.590044
 20.590044
 20.590044
 20.590044
 20.590044
 20.590044
 20.590044
 20.590044
 20.600043
 20.600043
 20.600043
 20.600043
 20.600043
 20.600043
 20.600043
 20.600043
 20.600043
 20.600043
 20.610072
 20.610072
 20.610072
 20.610072
 20.610072
 20.610072
 20.610072
 20.610072
 20.610072
 20.610072
 20.620046
 20.620046
 20.620046
 20.620046
 20.620046
 20.620046
 20.620046
 20.620046
 20.620046
 20.620046
 20.630039
 20.630039
 20.630039
 20.630039
 20.630039
 20.630039
 20.630039
 20.630039
 20.630039
 20.630039
 20.640046
 20.640046
 20.640046
 20.640046
 20.640046
 20.640046
 20.640046
 20.640046
 20.640046
 20.640046
 20.650048
 20.650048
 20.650048
 20.650048
 20.650048
 20.650048
 20.650048
 20.650048
 20.650048
 20.650048
  20.66006
  20.66006
  20.66006
  20.66006
  20.66006
  20.66006
  20.66006
  20.66006
  20.66006
  20.66006
 20.670052
 20.670052
 20.670052
 20.670052
 20.670052
 20.670052
 20.670052
 20.670052
 20.670052
 20.670052
 20.680041
 20.680041
 20.680041
 20.680041
 20.680041
 20.680041
 20.680041
 20.680041
 20.680041
 20.680041
 20.690055
 20.690055
 20.690055
 20.690055
 20.690055
 20.690055
 20.690055
 20.690055
 20.690055
 20.690055
 20.700062
 20.700062
 20.700062
 20.700062
 20.700062
 20.700062
 20.700062
 20.700062
 20.700062
 20.700062
 20.710017
 20.710017
 20.710017
 20.710017
 20.710017
 20.710017
 20.710017
 20.710017
 20.710017
 20.710017
 20.720021
 20.720021
 20.720021
 20.720021
 20.720021
 20.720021
 20.720021
 20.720021
 20.720021
 20.720021
  20.73002
  20.73002
  20.73002
  20.73002
  20.73002
  20.73002
  20.73002
  20.73002
  20.73002
  20.73002
 20.740024
 20.740024
 20.740024
 20.740024
 20.740024
 20.740024
 20.740024
 20.740024
 20.740024
 20.740024
 20.750027
 20.750027
 20.750027
 20.750027
 20.750027
 20.750027
 20.750027
 20.750027
 20.750027
 20.750027
 20.760024
 20.760024
 20.760024
 20.760024
 20.760024
 20.760024
 20.760024
 20.760024
 20.760024
 20.760024
 20.770032
 20.770032
 20.770032
 20.770032
 20.770032
 20.770032
 20.770032
 20.770032
 20.770032
 20.770032
 20.780027
 20.780027
 20.780027
 20.780027
 20.780027
 20.780027
 20.780027
 20.780027
 20.780027
 20.780027
 20.790038
 20.790038
 20.790038
 20.790038
 20.790038
 20.790038
 20.790038
 20.790038
 20.790038
 20.790038
 20.800029
 20.800029
 20.800029
 20.800029
 20.800029
 20.800029
 20.800029
 20.800029
 20.800029
 20.800029
 20.810028
 20.810028
 20.810028
 20.810028
 20.810028
 20.810028
 20.810028
 20.810028
 20.810028
 20.810028
 20.820022
 20.820022
 20.820022
 20.820022
 20.820022
 20.820022
 20.820022
 20.820022
 20.820022
 20.820022
 20.830026
 20.830026
 20.830026
 20.830026
 20.830026
 20.830026
 20.830026
 20.830026
 20.830026
 20.830026
 20.840029
 20.840029
 20.840029
 20.840029
 20.840029
 20.840029
 20.840029
 20.840029
 20.840029
 20.840029
 20.850024
 20.850024
 20.850024
 20.850024
 20.850024
 20.850024
 20.850024
 20.850024
 20.850024
 20.850024
  20.86003
  20.86003
  20.86003
  20.86003
  20.86003
  20.86003
  20.86003
  20.86003
  20.86003
  20.86003
 20.870032
 20.870032
 20.870032
 20.870032
 20.870032
 20.870032
 20.870032
 20.870032
 20.870032
 20.870032
 20.880041
 20.880041
 20.880041
 20.880041
 20.880041
 20.880041
 20.880041
 20.880041
 20.880041
 20.880041
 20.889998
 20.889998
 20.889998
 20.889998
 20.889998
 20.889998
 20.889998
 20.889998
 20.889998
 20.889998
 20.899999
 20.899999
 20.899999
 20.899999
 20.899999
 20.899999
 20.899999
 20.899999
 20.899999
 20.899999
     20.91
     20.91
     20.91
     20.91
     20.91
     20.91
     20.91
     20.91
     20.91
     20.91
 20.919998
 20.919998
 20.919998
 20.919998
 20.919998
 20.919998
 20.919998
 20.919998
 20.919998
 20.919998
 20.929999
 20.929999
 20.929999
 20.929999
 20.929999
 20.929999
 20.929999
 20.929999
 20.929999
 20.929999
 20.939996
 20.939996
 20.939996
 20.939996
 20.939996
 20.939996
 20.939996
 20.939996
 20.939996
 20.939996
 20.949997
 20.949997
 20.949997
 20.949997
 20.949997
 20.949997
 20.949997
 20.949997
 20.949997
 20.949997
 20.960005
 20.960005
 20.960005
 20.960005
 20.960005
 20.960005
 20.960005
 20.960005
 20.960005
 20.960005
 20.970011
 20.970011
 20.970011
 20.970011
 20.970011
 20.970011
 20.970011
 20.970011
 20.970011
 20.970011
 20.980005
 20.980005
 20.980005
 20.980005
 20.980005
 20.980005
 20.980005
 20.980005
 20.980005
 20.980005
 20.990004
 20.990004
 20.990004
 20.990004
 20.990004
 20.990004
 20.990004
 20.990004
 20.990004
 20.990004
 20.999999
 20.999999
 20.999999
 20.999999
 20.999999
 20.999999
 20.999999
 20.999999
 20.999999
 20.999999
     21.01
     21.01
     21.01
     21.01
     21.01
     21.01
     21.01
     21.01
     21.01
     21.01
 21.019994
 21.019994
 21.019994
 21.019994
 21.019994
 21.019994
 21.019994
 21.019994
 21.019994
 21.019994
 21.029998
 21.029998
 21.029998
 21.029998
 21.029998
 21.029998
 21.029998
 21.029998
 21.029998
 21.029998
 21.039997
 21.039997
 21.039997
 21.039997
 21.039997
 21.039997
 21.039997
 21.039997
 21.039997
 21.039997
 21.050012
 21.050012
 21.050012
 21.050012
 21.050012
 21.050012
 21.050012
 21.050012
 21.050012
 21.050012
 21.060001
 21.060001
 21.060001
 21.060001
 21.060001
 21.060001
 21.060001
 21.060001
 21.060001
 21.060001
     21.07
     21.07
     21.07
     21.07
     21.07
     21.07
     21.07
     21.07
     21.07
     21.07
 21.079997
 21.079997
 21.079997
 21.079997
 21.079997
 21.079997
 21.079997
 21.079997
 21.079997
 21.079997
 21.089998
 21.089998
 21.089998
 21.089998
 21.089998
 21.089998
 21.089998
 21.089998
 21.089998
 21.089998
 21.100007
 21.100007
 21.100007
 21.100007
 21.100007
 21.100007
 21.100007
 21.100007
 21.100007
 21.100007
 21.109997
 21.109997
 21.109997
 21.109997
 21.109997
 21.109997
 21.109997
 21.109997
 21.109997
 21.109997
 21.119994
 21.119994
 21.119994
 21.119994
 21.119994
 21.119994
 21.119994
 21.119994
 21.119994
 21.119994
 21.130002
 21.130002
 21.130002
 21.130002
 21.130002
 21.130002
 21.130002
 21.130002
 21.130002
 21.130002
 21.140013
 21.140013
 21.140013
 21.140013
 21.140013
 21.140013
 21.140013
 21.140013
 21.140013
 21.140013
 21.150002
 21.150002
 21.150002
 21.150002
 21.150002
 21.150002
 21.150002
 21.150002
 21.150002
 21.150002
 21.159999
 21.159999
 21.159999
 21.159999
 21.159999
 21.159999
 21.159999
 21.159999
 21.159999
 21.159999
  21.16999
  21.16999
  21.16999
  21.16999
  21.16999
  21.16999
  21.16999
  21.16999
  21.16999
  21.16999
 21.180001
 21.180001
 21.180001
 21.180001
 21.180001
 21.180001
 21.180001
 21.180001
 21.180001
 21.180001
 21.190001
 21.190001
 21.190001
 21.190001
 21.190001
 21.190001
 21.190001
 21.190001
 21.190001
 21.190001
 21.199995
 21.199995
 21.199995
 21.199995
 21.199995
 21.199995
 21.199995
 21.199995
 21.199995
 21.199995
 21.210003
 21.210003
 21.210003
 21.210003
 21.210003
 21.210003
 21.210003
 21.210003
 21.210003
 21.210003
 21.220007
 21.220007
 21.220007
 21.220007
 21.220007
 21.220007
 21.220007
 21.220007
 21.220007
 21.220007
 21.229999
 21.229999
 21.229999
 21.229999
 21.229999
 21.229999
 21.229999
 21.229999
 21.229999
 21.229999
 21.239998
 21.239998
 21.239998
 21.239998
 21.239998
 21.239998
 21.239998
 21.239998
 21.239998
 21.239998
     21.25
     21.25
     21.25
     21.25
     21.25
     21.25
     21.25
     21.25
     21.25
     21.25
 21.259997
 21.259997
 21.259997
 21.259997
 21.259997
 21.259997
 21.259997
 21.259997
 21.259997
 21.259997
 21.269997
 21.269997
 21.269997
 21.269997
 21.269997
 21.269997
 21.269997
 21.269997
 21.269997
 21.269997
 21.279998
 21.279998
 21.279998
 21.279998
 21.279998
 21.279998
 21.279998
 21.279998
 21.279998
 21.279998
 21.290002
 21.290002
 21.290002
 21.290002
 21.290002
 21.290002
 21.290002
 21.290002
 21.290002
 21.290002
 21.300005
 21.300005
 21.300005
 21.300005
 21.300005
 21.300005
 21.300005
 21.300005
 21.300005
 21.300005
 21.309999
 21.309999
 21.309999
 21.309999
 21.309999
 21.309999
 21.309999
 21.309999
 21.309999
 21.309999
 21.320003
 21.320003
 21.320003
 21.320003
 21.320003
 21.320003
 21.320003
 21.320003
 21.320003
 21.320003
 21.330001
 21.330001
 21.330001
 21.330001
 21.330001
 21.330001
 21.330001
 21.330001
 21.330001
 21.330001
 21.339996
 21.339996
 21.339996
 21.339996
 21.339996
 21.339996
 21.339996
 21.339996
 21.339996
 21.339996
 21.350001
 21.350001
 21.350001
 21.350001
 21.350001
 21.350001
 21.350001
 21.350001
 21.350001
 21.350001
 21.360001
 21.360001
 21.360001
 21.360001
 21.360001
 21.360001
 21.360001
 21.360001
 21.360001
 21.360001
 21.369995
 21.369995
 21.369995
 21.369995
 21.369995
 21.369995
 21.369995
 21.369995
 21.369995
 21.369995
     21.38
     21.38
     21.38
     21.38
     21.38
     21.38
     21.38
     21.38
     21.38
     21.38
 21.390008
 21.390008
 21.390008
 21.390008
 21.390008
 21.390008
 21.390008
 21.390008
 21.390008
 21.390008
 21.399999
 21.399999
 21.399999
 21.399999
 21.399999
 21.399999
 21.399999
 21.399999
 21.399999
 21.399999
 21.409997
 21.409997
 21.409997
 21.409997
 21.409997
 21.409997
 21.409997
 21.409997
 21.409997
 21.409997
 21.420006
 21.420006
 21.420006
 21.420006
 21.420006
 21.420006
 21.420006
 21.420006
 21.420006
 21.420006
 21.430005
 21.430005
 21.430005
 21.430005
 21.430005
 21.430005
 21.430005
 21.430005
 21.430005
 21.430005
     21.44
     21.44
     21.44
     21.44
     21.44
     21.44
     21.44
     21.44
     21.44
     21.44
 21.450001
 21.450001
 21.450001
 21.450001
 21.450001
 21.450001
 21.450001
 21.450001
 21.450001
 21.450001
 21.459998
 21.459998
 21.459998
 21.459998
 21.459998
 21.459998
 21.459998
 21.459998
 21.459998
 21.459998
 21.470012
 21.470012
 21.470012
 21.470012
 21.470012
 21.470012
 21.470012
 21.470012
 21.470012
 21.470012
 21.479997
 21.479997
 21.479997
 21.479997
 21.479997
 21.479997
 21.479997
 21.479997
 21.479997
 21.479997
 21.490001
 21.490001
 21.490001
 21.490001
 21.490001
 21.490001
 21.490001
 21.490001
 21.490001
 21.490001
 21.500003
 21.500003
 21.500003
 21.500003
 21.500003
 21.500003
 21.500003
 21.500003
 21.500003
 21.500003
     21.51
     21.51
     21.51
     21.51
     21.51
     21.51
     21.51
     21.51
     21.51
     21.51
 21.519999
 21.519999
 21.519999
 21.519999
 21.519999
 21.519999
 21.519999
 21.519999
 21.519999
 21.519999
 21.530004
 21.530004
 21.530004
 21.530004
 21.530004
 21.530004
 21.530004
 21.530004
 21.530004
 21.530004
 21.540004
 21.540004
 21.540004
 21.540004
 21.540004
 21.540004
 21.540004
 21.540004
 21.540004
 21.540004
 21.550002
 21.550002
 21.550002
 21.550002
 21.550002
 21.550002
 21.550002
 21.550002
 21.550002
 21.550002
 21.560012
 21.560012
 21.560012
 21.560012
 21.560012
 21.560012
 21.560012
 21.560012
 21.560012
 21.560012
 21.569995
 21.569995
 21.569995
 21.569995
 21.569995
 21.569995
 21.569995
 21.569995
 21.569995
 21.569995
 21.579997
 21.579997
 21.579997
 21.579997
 21.579997
 21.579997
 21.579997
 21.579997
 21.579997
 21.579997
 21.589997
 21.589997
 21.589997
 21.589997
 21.589997
 21.589997
 21.589997
 21.589997
 21.589997
 21.589997
 21.599997
 21.599997
 21.599997
 21.599997
 21.599997
 21.599997
 21.599997
 21.599997
 21.599997
 21.599997
     21.61
     21.61
     21.61
     21.61
     21.61
     21.61
     21.61
     21.61
     21.61
     21.61
 21.619999
 21.619999
 21.619999
 21.619999
 21.619999
 21.619999
 21.619999
 21.619999
 21.619999
 21.619999
     21.63
     21.63
     21.63
     21.63
     21.63
     21.63
     21.63
     21.63
     21.63
     21.63
  21.64001
  21.64001
  21.64001
  21.64001
  21.64001
  21.64001
  21.64001
  21.64001
  21.64001
  21.64001
 21.650004
 21.650004
 21.650004
 21.650004
 21.650004
 21.650004
 21.650004
 21.650004
 21.650004
 21.650004
 21.660006
 21.660006
 21.660006
 21.660006
 21.660006
 21.660006
 21.660006
 21.660006
 21.660006
 21.660006
 21.669997
 21.669997
 21.669997
 21.669997
 21.669997
 21.669997
 21.669997
 21.669997
 21.669997
 21.669997
 21.679996
 21.679996
 21.679996
 21.679996
 21.679996
 21.679996
 21.679996
 21.679996
 21.679996
 21.679996
 21.689996
 21.689996
 21.689996
 21.689996
 21.689996
 21.689996
 21.689996
 21.689996
 21.689996
 21.689996
 21.699997
 21.699997
 21.699997
 21.699997
 21.699997
 21.699997
 21.699997
 21.699997
 21.699997
 21.699997
 21.709998
 21.709998
 21.709998
 21.709998
 21.709998
 21.709998
 21.709998
 21.709998
 21.709998
 21.709998
 21.719999
 21.719999
 21.719999
 21.719999
 21.719999
 21.719999
 21.719999
 21.719999
 21.719999
 21.719999
 21.730012
 21.730012
 21.730012
 21.730012
 21.730012
 21.730012
 21.730012
 21.730012
 21.730012
 21.730012
 21.739997
 21.739997
 21.739997
 21.739997
 21.739997
 21.739997
 21.739997
 21.739997
 21.739997
 21.739997
 21.750001
 21.750001
 21.750001
 21.750001
 21.750001
 21.750001
 21.750001
 21.750001
 21.750001
 21.750001
 21.760004
 21.760004
 21.760004
 21.760004
 21.760004
 21.760004
 21.760004
 21.760004
 21.760004
 21.760004
 21.769992
 21.769992
 21.769992
 21.769992
 21.769992
 21.769992
 21.769992
 21.769992
 21.769992
 21.769992
 21.779999
 21.779999
 21.779999
 21.779999
 21.779999
 21.779999
 21.779999
 21.779999
 21.779999
 21.779999
 21.789996
 21.789996
 21.789996
 21.789996
 21.789996
 21.789996
 21.789996
 21.789996
 21.789996
 21.789996
 21.799998
 21.799998
 21.799998
 21.799998
 21.799998
 21.799998
 21.799998
 21.799998
 21.799998
 21.799998
 21.810015
 21.810015
 21.810015
 21.810015
 21.810015
 21.810015
 21.810015
 21.810015
 21.810015
 21.810015
     21.82
     21.82
     21.82
     21.82
     21.82
     21.82
     21.82
     21.82
     21.82
     21.82
 21.830009
 21.830009
 21.830009
 21.830009
 21.830009
 21.830009
 21.830009
 21.830009
 21.830009
 21.830009
 21.839997
 21.839997
 21.839997
 21.839997
 21.839997
 21.839997
 21.839997
 21.839997
 21.839997
 21.839997
 21.849995
 21.849995
 21.849995
 21.849995
 21.849995
 21.849995
 21.849995
 21.849995
 21.849995
 21.849995
 21.860002
 21.860002
 21.860002
 21.860002
 21.860002
 21.860002
 21.860002
 21.860002
 21.860002
 21.860002
 21.870004
 21.870004
 21.870004
 21.870004
 21.870004
 21.870004
 21.870004
 21.870004
 21.870004
 21.870004
 21.879993
 21.879993
 21.879993
 21.879993
 21.879993
 21.879993
 21.879993
 21.879993
 21.879993
 21.879993
 21.889999
 21.889999
 21.889999
 21.889999
 21.889999
 21.889999
 21.889999
 21.889999
 21.889999
 21.889999
      21.9
      21.9
      21.9
      21.9
      21.9
      21.9
      21.9
      21.9
      21.9
      21.9
 21.909996
 21.909996
 21.909996
 21.909996
 21.909996
 21.909996
 21.909996
 21.909996
 21.909996
 21.909996
 21.919999
 21.919999
 21.919999
 21.919999
 21.919999
 21.919999
 21.919999
 21.919999
 21.919999
 21.919999
 21.930003
 21.930003
 21.930003
 21.930003
 21.930003
 21.930003
 21.930003
 21.930003
 21.930003
 21.930003
  21.94001
  21.94001
  21.94001
  21.94001
  21.94001
  21.94001
  21.94001
  21.94001
  21.94001
  21.94001
 21.950003
 21.950003
 21.950003
 21.950003
 21.950003
 21.950003
 21.950003
 21.950003
 21.950003
 21.950003
 21.959995
 21.959995
 21.959995
 21.959995
 21.959995
 21.959995
 21.959995
 21.959995
 21.959995
 21.959995
 21.969999
 21.969999
 21.969999
 21.969999
 21.969999
 21.969999
 21.969999
 21.969999
 21.969999
 21.969999
 21.980018
 21.980018
 21.980018
 21.980018
 21.980018
 21.980018
 21.980018
 21.980018
 21.980018
 21.980018
 21.989996
 21.989996
 21.989996
 21.989996
 21.989996
 21.989996
 21.989996
 21.989996
 21.989996
 21.989996
 21.999997
 21.999997
 21.999997
 21.999997
 21.999997
 21.999997
 21.999997
 21.999997
 21.999997
 21.999997
 22.009996
 22.009996
 22.009996
 22.009996
 22.009996
 22.009996
 22.009996
 22.009996
 22.009996
 22.009996
 22.019998
 22.019998
 22.019998
 22.019998
 22.019998
 22.019998
 22.019998
 22.019998
 22.019998
 22.019998
 22.030006
 22.030006
 22.030006
 22.030006
 22.030006
 22.030006
 22.030006
 22.030006
 22.030006
 22.030006
 22.039998
 22.039998
 22.039998
 22.039998
 22.039998
 22.039998
 22.039998
 22.039998
 22.039998
 22.039998
 22.050011
 22.050011
 22.050011
 22.050011
 22.050011
 22.050011
 22.050011
 22.050011
 22.050011
 22.050011
 22.060002
 22.060002
 22.060002
 22.060002
 22.060002
 22.060002
 22.060002
 22.060002
 22.060002
 22.060002
 22.069997
 22.069997
 22.069997
 22.069997
 22.069997
 22.069997
 22.069997
 22.069997
 22.069997
 22.069997
 22.080001
 22.080001
 22.080001
 22.080001
 22.080001
 22.080001
 22.080001
 22.080001
 22.080001
 22.080001
 22.090009
 22.090009
 22.090009
 22.090009
 22.090009
 22.090009
 22.090009
 22.090009
 22.090009
 22.090009
 22.099991
 22.099991
 22.099991
 22.099991
 22.099991
 22.099991
 22.099991
 22.099991
 22.099991
 22.099991
 22.109997
 22.109997
 22.109997
 22.109997
 22.109997
 22.109997
 22.109997
 22.109997
 22.109997
 22.109997
 22.120003
 22.120003
 22.120003
 22.120003
 22.120003
 22.120003
 22.120003
 22.120003
 22.120003
 22.120003
 22.130014
 22.130014
 22.130014
 22.130014
 22.130014
 22.130014
 22.130014
 22.130014
 22.130014
 22.130014
 22.140005
 22.140005
 22.140005
 22.140005
 22.140005
 22.140005
 22.140005
 22.140005
 22.140005
 22.140005
 22.150001
 22.150001
 22.150001
 22.150001
 22.150001
 22.150001
 22.150001
 22.150001
 22.150001
 22.150001
 22.159996
 22.159996
 22.159996
 22.159996
 22.159996
 22.159996
 22.159996
 22.159996
 22.159996
 22.159996
 22.170001
 22.170001
 22.170001
 22.170001
 22.170001
 22.170001
 22.170001
 22.170001
 22.170001
 22.170001
 22.180002
 22.180002
 22.180002
 22.180002
 22.180002
 22.180002
 22.180002
 22.180002
 22.180002
 22.180002
 22.190002
 22.190002
 22.190002
 22.190002
 22.190002
 22.190002
 22.190002
 22.190002
 22.190002
 22.190002
 22.200007
 22.200007
 22.200007
 22.200007
 22.200007
 22.200007
 22.200007
 22.200007
 22.200007
 22.200007
     22.21
     22.21
     22.21
     22.21
     22.21
     22.21
     22.21
     22.21
     22.21
     22.21
 22.219998
 22.219998
 22.219998
 22.219998
 22.219998
 22.219998
 22.219998
 22.219998
 22.219998
 22.219998
 22.230008
 22.230008
 22.230008
 22.230008
 22.230008
 22.230008
 22.230008
 22.230008
 22.230008
 22.230008
 22.239996
 22.239996
 22.239996
 22.239996
 22.239996
 22.239996
 22.239996
 22.239996
 22.239996
 22.239996
 22.249995
 22.249995
 22.249995
 22.249995
 22.249995
 22.249995
 22.249995
 22.249995
 22.249995
 22.249995
 22.259996
 22.259996
 22.259996
 22.259996
 22.259996
 22.259996
 22.259996
 22.259996
 22.259996
 22.259996
 22.269996
 22.269996
 22.269996
 22.269996
 22.269996
 22.269996
 22.269996
 22.269996
 22.269996
 22.269996
 22.279997
 22.279997
 22.279997
 22.279997
 22.279997
 22.279997
 22.279997
 22.279997
 22.279997
 22.279997
 22.289998
 22.289998
 22.289998
 22.289998
 22.289998
 22.289998
 22.289998
 22.289998
 22.289998
 22.289998
 22.300002
 22.300002
 22.300002
 22.300002
 22.300002
 22.300002
 22.300002
 22.300002
 22.300002
 22.300002
 22.310012
 22.310012
 22.310012
 22.310012
 22.310012
 22.310012
 22.310012
 22.310012
 22.310012
 22.310012
 22.320016
 22.320016
 22.320016
 22.320016
 22.320016
 22.320016
 22.320016
 22.320016
 22.320016
 22.320016
 22.330003
 22.330003
 22.330003
 22.330003
 22.330003
 22.330003
 22.330003
 22.330003
 22.330003
 22.330003
 22.339996
 22.339996
 22.339996
 22.339996
 22.339996
 22.339996
 22.339996
 22.339996
 22.339996
 22.339996
     22.35
     22.35
     22.35
     22.35
     22.35
     22.35
     22.35
     22.35
     22.35
     22.35
 22.360001
 22.360001
 22.360001
 22.360001
 22.360001
 22.360001
 22.360001
 22.360001
 22.360001
 22.360001
 22.369998
 22.369998
 22.369998
 22.369998
 22.369998
 22.369998
 22.369998
 22.369998
 22.369998
 22.369998
 22.379995
 22.379995
 22.379995
 22.379995
 22.379995
 22.379995
 22.379995
 22.379995
 22.379995
 22.379995
     22.39
     22.39
     22.39
     22.39
     22.39
     22.39
     22.39
     22.39
     22.39
     22.39
 22.400008
 22.400008
 22.400008
 22.400008
 22.400008
 22.400008
 22.400008
 22.400008
 22.400008
 22.400008
 22.409998
 22.409998
 22.409998
 22.409998
 22.409998
 22.409998
 22.409998
 22.409998
 22.409998
 22.409998
 22.420008
 22.420008
 22.420008
 22.420008
 22.420008
 22.420008
 22.420008
 22.420008
 22.420008
 22.420008
 22.429996
 22.429996
 22.429996
 22.429996
 22.429996
 22.429996
 22.429996
 22.429996
 22.429996
 22.429996
 22.439995
 22.439995
 22.439995
 22.439995
 22.439995
 22.439995
 22.439995
 22.439995
 22.439995
 22.439995
 22.450001
 22.450001
 22.450001
 22.450001
 22.450001
 22.450001
 22.450001
 22.450001
 22.450001
 22.450001
 22.459999
 22.459999
 22.459999
 22.459999
 22.459999
 22.459999
 22.459999
 22.459999
 22.459999
 22.459999
 22.469997
 22.469997
 22.469997
 22.469997
 22.469997
 22.469997
 22.469997
 22.469997
 22.469997
 22.469997
 22.480001
